10	12608,2172,1235,1727,12446,1182,1452,216,12492,1393
100	3424,1964,7593,9010
10015	30259
10023	12446,2905
10030	12446,12944
10035	12883
10036	15317
10038	28498,37931
10039	13986,16121
10040	12608,1525,16759,16770
10042	1291,15317
10045	14651
10047	12446,14929
10050	12608,12883,15663,16272,32767
10057	10643
10061	1291,13335
10062	3645
10063	10643
10065	12003
10066	3278
10067	12446,12869
10068	13954,14651
10069	15317
10072	4494
10076	1291,13335
10080	16322,3645
10081	1291,16109
10082	12446,14929
10083	11499,1051
10084	12446,15602
10085	12446,14929
10087	1291,11116
10088	7361
1009	12084
10091	24407,33646
10094	4494
10099	10643
10102	12446,10020
10107	46069
10109	15662
10111	4878
10124	28498,28510,28779,2972
1013	11789
10134	813
10135	12491
10142	12446,15869
10145	34295
10147	1727,17711
10163	3424,3460,5047
10166	13282,15737
10167	1291,11345
10196	7090
1020	1821
10206	10169
10209	24160,22029
10210	8297
10211	10326
10216	4878
10217	12608,1452,16315
10221	11352,19161
10227	12608,36324,54557
10237	13302
10243	13249,11071,1525,3645
10244	32194
10248	10643
10279	8568
10286	1964,2172,22337
10289	17944
10304	17079,3125
10317	16382
10318	35595
10332	1660,16910
10339	58759
1034	2172,32894,34028,34197
10340	1261
10342	10020
10349	24407,9213
10350	11963
10356	16109,16609
10367	1620,16055
10370	17848,26677
10373	476,57984
1039	1964,2513,26600
104	340,5604
10408	1291,15430
10419	7263
10430	2885,29691
10432	10838,11072
10439	14559,16690
10441	12446,4518
10443	23764,23731
10445	13862
1046	2172,12608,1452,1217,1235,2366,2472,2689,30331
10487	16804
1049	1784,27395
105	36710
10507	16095,16725
10554	1291,14809
10555	12950
10559	12287
10575	14488
10577	12446,8890
1058	1784,10043
10592	1315
106	1069
1060	1540,1065
10612	10611
10614	1201
1062	12446,5457
10628	10093
10629	13416
1063	27359,28055
10637	9484
10642	2885,5999,7484,8272
10645	15548,10147
1065	1903
10669	3424,5001,6497
10676	2172,32894,4474,5732
1068	1784,5846
10686	10011
10689	10723
1069	10631,10554
10699	11207
107	1058
10709	12834,16662
1071	4538,3013
10715	1283
1072	2745,2780,3520
10746	17653,22706,26550
10751	17100
10754	16905
1076	16257
10770	33867
10773	13839,14727
10776	12962,14426
10779	12608,1452,16429
1078	36662
10783	28451,28848
10785	12608,1600,1543,1708,10164
10787	1053,1714,33321,8777
10792	17297
10793	24160,24244
10804	1159
10812	17205
1082	10483
10835	1903
1084	6874,7641
10840	1727,17790
10844	1660,22339
10847	11499,11345
1085	2885,5999,6203
10873	216,37492,984
10881	11742
10885	1332
10887	13857
10888	12802
10890	1660,10093
10896	12446,17152
109	1104
10901	12446,16954
10908	10726,18642
10913	12608,2172,32894,19418,13839,40758,4738,48901,59718
10920	6079
10922	1784,3167
10923	16233,17122
10925	1641
1093	6233
10950	1759,1924,1959,40128,46348
10956	22648,41597
10967	6889,7530
10968	10340
1097	11499,26998,28593
10970	9484
10974	33122
10981	16507
10989	6889,7530
1100	2172,12608,2366,24591
11000	12446,7246
11006	12303
11009	17347
1101	15596
11014	1727,10822
1102	36521,39929
11022	15236
11032	15871,17358
11034	10248,15980
11042	12145,19085
11044	1331,1341
11054	15620
11057	6874,7641
11058	11498
11067	3424,1964,2513,5420
11081	12446,18713
11084	5953,5950
111	216,40128,44293,6567,9010
11114	632
11117	12446,7246
1112	2885,5999,8546
11121	1227
11127	14218,10011
11153	1727,2557
11164	14910
11171	12446,15806
11172	17866,12950
11184	12492,55232,6104
11187	17208
11189	17505,17653
11190	12608,2172,16090,29360,12630,34607,34782,34028,34412,35088
112	10244
1120	43070
11209	28498,216,28110,16382,27200,27821,29741,27484,24464,27581
11212	47518
11213	10112
11221	12446,10061
11225	12446,10147
11227	11728
11229	10112
11233	16449
11251	48540,49625,50077
11257	12446,28498,5519,7037,7069
11258	12446,6994
11271	11715,26178
11275	12630
11276	10089
11291	104
11299	10631,10152
113	12608,12446,1756,2905
11301	5830
11311	27594
11331	12446,18526
11335	1964,2172,236,2405,2445
11339	12446,8890
11343	24664,24464,44917,46953,51425,51689,54427,59965
11361	12446,10147
11392	10112
11398	14918
11399	12446,10061
11413	11499,25153,25701
11416	216,11890
11419	18028,18013
11420	17505,17903
11424	16917,18184
11433	12093
11436	1660,18013
1144	17034
11440	18028,18013
11447	13118
11458	7391,7409
11460	6889,7530
11465	1727,15870,17421,1783,17731
11471	2172,12608,3424,6577,6567,7832
11473	17785
11474	28498,10143
11475	17726
11477	40128,44701
11489	18085
11490	18208
11524	10261
11527	14343
11530	16855
11532	10166,17950
11544	7391,7409
1155	10891
11551	1784,4635
11552	16626,18122
11560	2885,40265
11564	10723
11577	12330,18218
11595	18211
116	2172,1971,421,9241
11612	1340
11614	12834,12572
11615	1660,1003
11620	7846,9533
11627	6889,7530
1163	1964,2885,3424,2513,2172,2490,3190,3396,4923,5068
11630	10631,10808
11635	3424,1964,6093,6088
11642	1660,10015
11645	3424,1964,3799,3824
11655	1660,18391
11659	40414
11666	3424,1964,6567,7812
1167	1964,245,3151,10020,3396
11683	12608,1235,2065,2018,1964,1012,1543,21682,20104
11689	10037
11695	10107
11696	28498,30369,476,58623
11720	18121,1109
11724	476,54972
11748	17407
1175	11060,22634
11761	22086,23322
11778	1266
11786	18546
11793	2172,13249,2492,25181
11796	12446,20364
11801	3424,3460,10061
11810	18192,10092
11820	12446,10037
11833	6874,7641
11870	16
11879	16109,11116
11898	12608,1235,12723
119	1452,3097,5827
11907	20209
11910	20366
11913	13074,19438
11916	18662
11921	9410,941
11922	10564
11930	10229
11932	17937
11937	1727,21832,21336,22188,22984
11938	21144
11942	18344
11947	19000,19819
11948	10728
1195	19770
11966	10107
11967	10631,52342
11969	19368,19667
11980	10111
11981	2885,43349
11986	1699,16924
1201	1660,3072
12025	12446,390
12026	12446,10037
12028	6401,6849
1204	12446,17079,3125,7600
1205	3091,10609,2885,10025,3277,2172,32894,2784,5999,32958
12052	19054,18983
12055	13829
1208	26187
12082	12608,1235,1304,12572
12083	18889
121	216,1358,2535,245,3424,3650,7512,904
12100	18917
12107	40128,47440
1211	216,25090,10061
12115	10061
12120	12340
12130	19054,40607
12144	40128,45815
1215	1784,10043
12155	12608,1600,15701,1708,2225
12164	17159
12174	16978
12175	17877,18983
12191	27156
1223	29066
12230	6889,7530
12247	1784,22160
1225	14968
12252	20933
12265	28660,8341
12267	17208
1227	2172,12608,32894,6460,750
1229	15870,1727,2885,10094,3396,10107
12291	10294
12295	12608,19368,19374,614,9864
12304	20927,26597,38388
12311	19176
12315	476,61056
12317	57726
12332	34289,35143,35088,35815
12357	16090,36521,34541,476,44196,49552,55938
12363	19762
12367	12330,15121
12382	1283
12403	17715,18324
12407	11450
12415	14501
12416	10248,49306
12421	28451,28848
12424	12446,19511,19444,9864
12427	16662,10554,10564
12442	28498,36521,40128,32853,28110,16382,35816,40378,38776,42506
12444	26340
12447	19063
12453	216,33371
12461	18462
12464	21680
1248	15325
12483	14918
12495	11861
125	12446,12492,4553
1250	2172,12608,1964,1727,158,2885,245,1756,32894,3396
12520	1620,13343
12528	2172,32894,7708,9267
12531	1784,15870,20670,22025
12539	17583
12550	2885,1660,15146,3015,4540
12556	18194
12570	10698
12571	38846
12577	12608,1452,11071
12582	12446,19511
12584	11799
12586	18944
12589	12446,13599
126	3424,2172,6567,7982
1262	1660,3276
12620	13992,19000,10011
12626	11120
12642	16149,18148
1265	1660,3193
12660	20599
12670	1784,18269
12677	2172,32894,29360,34908,34894,49239,60195
12685	1660,10025
12686	19368,19161
12687	38572
12703	1020
12707	22579,10996
12711	19869,3713
12719	19161,33121
12720	5147
12721	19336
12731	19007
12733	17208
1274	2885,12492,3424,4738,4570,5727,4722,5962,6088,8037
12748	22436
12755	19467
12756	12446,5478
12759	15333
12771	10217
12774	1660,3883
1279	1620,3238
12792	18944
12795	10725
12806	1784,19726
12807	20470
12809	19821
12817	27928,39664
12818	40938
12833	10093
12834	10753
12857	10003
12886	19821,19878
12904	11498
12915	10625
12916	12608,1120,1452,1641
12917	12834,19354
1292	34687,35143
12935	1660,19867
12946	5512,5994
1295	3424,4724,5604
1296	2172,32894,537,7832
12969	12446,13644
12972	17836,17994
12980	18445
1299	1660,3385
12998	20179
13	1053
13001	104
13003	12446,9629
13005	16588,104
13006	2172,32894,28581,33851
13025	19954
13034	19896
13051	51815
13056	1674
1306	1727,2513,1959,2958,3774,7037
13063	3424,27770,43182,59373
13075	7646
13084	18531
1309	2172,1727,1964,2603,4738,3916,7361,9852
13091	6799
13094	1449
1311	16233
13112	1699,16924
13113	12608,1235,12330
13117	5652,9868
13120	2188
13171	10554
13178	10089
13179	12342
1319	955,9664
13194	1660,20279
132	1291
1322	12446,8449,8866
13223	1660,20010
1323	10609,164
13235	2172,12608,1964,2513,2533
1325	9298
13257	20364
13267	27687
13273	15404
13301	9497
13325	2172,12608,1964,1120,11380
13339	16617
1334	29018,33548
1336	6225,6260
13369	5632
13373	12446,4540,4570
13379	10111
1338	3751,5838
13380	1967
13391	12492,20670,11908,20472,17848,22417,22579,25090,25510,26288
134	1660,16613
13406	12446,15869
13410	19694
13428	16090,17499
13440	18330
13452	17848,20525
13465	12394
13475	19763
1348	1964,2513,878
13482	38679
13483	16685
13493	10011
13498	29066
135	12608,1235,2885,1452,216,1686,4738,2951,4366,4814
1350	216,10061
13501	25846,29217
13508	17715,18324
13515	18085
13516	20728
13517	20202
1353	2885,24407,32649,32687
13531	18326,18336
13560	12163
13561	1069
13564	12446,10037
1357	1727,1600
13573	12492,3665,3746
13574	18445
13575	17572
13576	34101,34645
13579	18502
136	2172,1452,2065,2492,3424,32894,2980,3916,3651,3963
13611	17633,20852,10115
13613	12608,2172,13249,24160,24200
13618	1784,21672
13632	11361
13648	16095
1365	10111
13651	2172,32894,34028,4218
13654	16598
13655	15834
13665	20056
13680	41526
13683	17778,18891
137	12608,1217,12446,15870,16272,12073,1452,2885,16315,15663
13701	3424,1964,4148,876
13704	1120
1372	2149
13721	12446,21042
13724	12446,21042
13749	12446,21042
13759	24609,42651
13772	14105,14519
13777	12446,21042
1378	13839,1404
13781	5280,5359
13800	216,1120
13804	10173
13814	1660,6737
13850	21121
13853	33937
13861	12834,20927
13868	17715
13871	16313,21307
13874	20056
13892	14012
139	1964,1971,1889,245,2665,8864
13902	24160,1020
13910	10235
1393	200
13939	3424,3460,6885
13943	12960
13956	21046,21421,22006
13958	16836
13964	11345
13991	20304,10068
140	1964,2172,2311,2342,25242
14009	3424,1964,2513,4184
14019	23543
14029	15980
14042	19674
14049	23050
1405	3424,3460,6577
14055	28498,10124
14074	18008,10037
14080	1964,20846,21489,2885,24464,28777,9579
14081	21093,10068
14086	13335,16041,10111
14089	11728
14102	10244
14103	28498,35484,36260,10248,57868
14108	2885,4285
14118	21093,10061
14123	2172,32894,4474,10801
1413	11919
14149	21570
14154	12961,23519,23860
14159	11120
14160	10318
14162	21583
1417	3424,1964,12446,15548,2513,3396,3650,728
14170	52426
14176	10728
14178	10631,14814
14179	17670
14190	20417
14193	17208
1420	12446,3424,18765,12492,3294,3916,4570,4598,5590,7351
14204	24160,12572
14209	1727,2205
14210	2218
14215	1964,2172,21854
14233	12446,15602
14251	1964,2172,21750
14273	4504
1428	41368,42220
14280	21042,22640,23545
143	2172,4319,3963,4315
1430	1660,10093
14301	13532
14305	1660,10025
1431	18153,6219
14313	13282,15737
14316	11499,11703
1432	1660,35081
14320	48246,49622
14328	21948,22040,22189
14330	3424,6577,6567,6677
14348	1096
1435	12446,34971
14353	42062
14363	1660,16626
14368	20619,32584
14386	12911
14388	2172,2492,32894,4474,449
14397	12608,1727,2065,2086
144	1525
14401	1964,2172,21682
14446	19460
14447	12446,17019
14452	1568
14467	15548,52426,53244
14474	21088,22077
14475	17076
1448	35178
14494	10372
14503	2172,32894,4474,5732
14504	12608,1452,2051,2064
14527	21957
14546	1660,19867
14548	34842,58021
1455	216,2917
14560	29258
14562	28777,40626
14565	17396
14568	18502,22006,22247,22566,36391
14571	22773
14582	17679
14583	18502
1460	1924,1959,2513,2559
1463	12608,2172,32894,4632,4724,5746
14641	12446,10202
14642	36521,38250,11900
1465	3424,2885,2172,1964,158,12608,3396,1730,245,10093
14650	10177
14653	21860
14699	1332,1331
14703	16137
14707	10280
14711	12446,8890
14717	20070,2780
14718	10179,14455
14731	23519
14736	1727,21832,16612,22188,10173
14748	1452,12608,2885,19418,28581,29637
14753	19000
14758	476,54042
14762	12446,12204,10025
14765	10657
14782	11240
14785	12492
1480	2885,3424,6885,6984
14802	2172,32894,4474,59696
14803	22545
14807	22545
14818	22264,22258,23202
14822	10092
14843	7203,7289
14851	1291,1201
14854	13903,14844
14858	22525
14863	104
14873	2885,5999,7240,750
14874	24160,19286,12572,11527
14879	20670,22372,5025
14887	22337
14890	12446,32533
14893	20703
14894	7846,9457
14895	21524
14906	13956
1492	2885,33177
14928	24570
1493	4357
14931	22642,22830
14937	10631,14814
14938	1070
14946	11499,11703
14952	10470
14956	22733
14958	2885,5999,6949,6944
14989	15311
14997	1845,10094
15	12608,2172,1235,1686,1759,1730,1705,245,3424,2063
150	186,1915
1500	3912
15024	10445
15028	16382,21378
15034	22808
15043	17715,28857
15068	46316
15073	2885,3015,4540
15078	1291,11345
15080	5321,5503
15088	12395
15089	10631,23465,23770
15091	12608,2172,34028,32013,43383
151	1058,3273
1510	1452,158,16297
15102	7647
15108	11861
15118	18526,22963
1512	2172,32894,34028,3619
15124	10631,12834,3424,5381,6871
15129	22988
15134	9639
15141	58739
15147	1784,245
15153	22706
15154	13617
1516	2968
15169	24160,25964
15174	18331
1518	3091,10609,3277,2172,3460,3476,39343
15195	12834,22755
15197	23519,6871
15198	10082,12127
15199	18273
15206	18747
15208	10657
15213	25846,40778
1522	24664,28498,35658,4474,49651
15231	14676
1524	32786,10726
15241	10316
15243	12446,10037
15253	11919,53038
15256	10173
1526	3424,3396,3460,10015
15276	5280,10022
15280	5280,5359
15295	14434
15303	2172,3665,45572
15309	46957
1531	1964,5652,5787
15310	1660,16626
15339	1660,6047
15347	14694
15356	10248,11527
15357	27838,10691
1536	12608,1727,1600,1949
15361	12758,23400
15385	2172,32894,4474,1080
15390	1291,10164
15401	10631,23449
1541	2172,32894,4474,8741
15415	20619,16382,20712,25820,32894,34028,59954
15418	1
15425	12941
15428	476,47924
15430	2885,29769,30124
15445	11900
1545	2172,32894,3665,3746
15453	36292
15462	23480
1548	26001
15488	23481
155	1217,1235,1120,2885,1964,158,1654,32894,38172,5999
15500	23243
15504	21479
1551	10022
15513	21351
15532	21785
15533	6885
15554	5280
15555	23480
15564	10143
15565	11499,11703
15567	12446,10173
15568	33435,15356
15571	19390
15573	23519,10554,24446
15575	21195,24160,20256,24114,39154,51131,58701
15587	10564
15588	10631,3424,28815,10011
15589	15701,17210
15592	12446,3844
15596	591
15598	46053
156	12608,2172,10061,3424,12073,216,10811,158,1235,15663
1560	12446,8130
15610	9466
15618	3424,3460,53601
15624	24160,25307
15635	20964
1564	2885,2018,37106
15645	13302
1565	1660,37306
15653	22687
15659	10092
1568	40128,42415
15690	23543
15708	12446,22571
15713	216,20619,20070,16071,19418,28498,17128,23130,22530,23770
15714	24160,1020
15718	24196
15725	10107
1573	10403
15732	21410
15744	1
1575	1431
15756	37357,10554
1576	12608,1964,3424,1756,2065,2063,15663,1907,3072,3824
15763	15090
15776	20613
1578	1159
15784	1727,1254
15788	12834,17848,25418,28110
15796	23519,10554
15798	19460
158	1331,1080
15805	22579,23753
15825	10094
15830	17288
15834	24027
15835	1096
15836	12446,5206
1584	3424,1964,2513,1182
15844	11207
15845	20842
15852	10172
15856	10092
15865	12446,4825
15866	2885,37492,38085,44483
15869	11890,22873
15894	23288
15900	12834,17258
15911	11861
15915	6981,7079
15917	10631,29982
15920	1660,17053
15940	3424,3460,4375
15944	21409
1595	12608,1452,2051,2064
15952	23519,24345
15965	18331
1597	15001,42818
15973	25002
15975	24407,24852
15984	1624
15997	12446,2351
15999	10391,10512
16004	23519,10554
16016	1727,1058
16022	12608,2172,24232,24231
16023	2437
16026	13106
16040	12802
16060	11499,12608,23519,24563
16063	23543
16065	1263
16073	12608,2172,32894,4527,8248
16078	20070,26066,28818,10017
16079	14950
1608	12446,10037
16091	24160,11703
16096	36521,10011
16101	10133
16102	21654
16112	25502
16113	12163
16116	17950,22177
16130	12616
1616	2885,216,10107
16161	23519,10554
16164	24260
16181	10011
16185	10569
16187	24407,27548
1619	10069
16190	21506
16191	23519,24304
16197	24160,24464
16213	24407,24525
16219	26896
16227	21506
1625	3424,3460,38563
16264	19188
16265	24664,24464,16382,24535,20070,25263,26261,25905,26423,26654
16268	2172,28581,1012
16275	10244
16289	22368
16295	1660,49707
16296	43728
16298	1291,13833
16303	24531,24726
16306	1145
16325	24531,24726
16327	12608,2172,32894,3460,4632,4734
1633	40128,45649
16333	476,48258
16344	2172,32894,4474,52215
16356	12207
1637	10202
16370	216,34732,4598
16376	21410
16381	22962
16385	43070
16389	12608,24232,32894,4474,45008
16400	12446,10173
16407	10631,10082
16428	24407,10564
16437	48351,41714,49147,60206
16445	12446,24942
16446	16657
1645	3945,5272
16460	23768,15189
16468	14811,10082
16486	15877,10061,38397
16488	24664,40128,40368
16532	2885,24407,21497,3015
16540	25128
16545	23354
16568	23519,25145
16575	12608,17483,25090,19368,24160,13249,2885,1525,16662,26550
1658	2885,3930
16585	25153
1659	10170,19667
16594	25210
16605	46946
16606	36521,28498,38250,38660,8913
16622	53064
16634	18227
16666	16382,25090,25697
16676	25705
16681	32053,33067
16689	25265
16691	23424
16693	19460
16698	12446,10150
16703	12163
1671	12446,4043
16714	3424,3460,4375
16716	22496
16719	22496
16721	11861
16725	19516
16728	17774,25396
16729	20305,35295
1673	12608,1452,13249,10350
16738	13873,10153
16751	11018
16754	4421,8743
16757	16626,18122
16768	26005
16773	28498,28441,28488,57078
16780	12446,6469
16785	51815
1679	3424,1964,2513,5486
16793	25430
16794	10609,3043,3277,2172,2603,28581,57147
16799	25461
16806	1333,25444
16812	20619,25263,25965
16818	40223
16819	10631,10082
16826	12834,1020
1683	2885,40265
16834	15688
16853	59855
1686	2885,5999,5438,8784
16862	33321,10092
16873	12608,1235,1304,1020
16877	10922
16878	12608,2172,24249,1012
16883	24160,11703
16886	22593
16887	10691
16896	25153
16903	28498,10011
16905	11081
1691	11505
16924	22833
16957	12426
16963	20619,24664,24464,25090,26261,28498,28110,40128,45070,45319
16975	10017
1698	3424,2172,6567,1065
17	12608,3424,2513,3190,1
170	12608,1217,1235,13249,1525,158,1784,1960,4381,5512
17000	19195
1701	12446,4015
17066	10112
17071	10490
1708	467,504
17086	12330,10657
17088	10124
17096	25787
17097	10058
17099	10082
17100	12446,3831,39525
1713	10016
1715	12608,2172,32894,4738,48222
17150	2969
17154	26001
17161	9484
17166	18273
17177	28498,28732
1718	12446,3963,5421
17193	12446,23974
17226	216,32643
17227	26813
17234	24160,26924
17244	10471
17248	24160,1198
17251	14783
17258	25254,25274
17270	2172,1727,2205,2349
17286	216,27815,28220
17291	1964,245,1065
17305	10061
17310	12834,19354
17316	20619,32853,33366,36521,39748,43310,58512
17322	12962
17336	476,60906
17366	19368,19374
17368	35816,40128,41484
17370	41767
17384	2172,3043,52034
17396	1727,21832,16612,22188,22205
174	18085
17401	24331
17411	27484
17418	27770,27767
17428	24407,28703
17431	21720
17447	21556
17448	19608
17460	23519,29982
17469	2885,5018
17474	1020
17476	27581,37998
17478	3424,1964,6567,7297
17479	3424,1964,6567,7297
17496	25473
175	1800
1751	2885,3424,12608,2172,32894,3460,4285,4570,4722,4769
17512	26474
17529	23838,26716
1753	3424,3460,4088
17534	1120
17535	10691
1754	12446,4034
17554	2172,2603,26674
17559	12608,2172,32894,3460,4632,4734
1756	2544,8864
17572	12446,9891
17574	34724,37123
17588	23838,26716
176	12608,14249,1756,2018
1760	13123
17601	24160,23894
17605	12330
17612	26775
17635	26809
17637	216,40128,44293,47563,4722
17647	19000,26654,35624
17662	27212
17665	12446,9891
17673	1727,11670
17674	33620
17677	12303
17688	24160,25561,28498,29291
177	236,1971,3396,7006
1770	1660,35081
17709	26790
17710	10037,6225,6260
17711	10728
17713	30390
17717	20249
17720	10089
17727	26917
17741	23727
17747	18935
17748	12063
1775	4145
17752	17208
17754	2885,5999,7240,750
17755	20599
17762	25940
17764	15633
17770	51075
17773	18040,26319
17775	13310
1778	41264
17805	19266
17808	34842,35057
17811	24160,30022
17812	20599,27143
17814	11515
17835	10061
17845	10015
17846	12446,6319
17855	25980,26307
17877	26008
17878	27247
1789	1291,17653,9396
17895	26393
17898	27262
1790	50878
17926	23519,2490
17927	12607
17934	27259
17956	23768,26849
17960	10631,23310
17987	10691
17994	12834,19064
18003	50254
18007	18211
18018	25925
18028	7413,7725
18047	24407,11456
18055	21479,27482
18071	18969,38486
18093	34110
18094	22160
18109	11861
1813	1714,1730,17583
18133	27049
18140	2172,32894,34028,39607
18141	27042
18152	25510,26998
1816	3424,1964,2513,1080
18160	1102
18167	8394
1817	18274
18180	2172,3424,3916,5344,60573
18198	27484
182	1727,1069
1821	216,1660,10093
18218	24785,27757
18225	11060
18233	12802
18239	43728
18246	10164
18259	27042
1829	12446,5695
18296	27049
18310	27751
18326	23268
18334	22841
18350	29302
18360	25887
18366	22687
18369	19451
1837	3604
18379	27359,28055
18392	26461
18396	25183
18422	27835
18423	11499,2885,28110,28334,29199
18437	12330
18439	1964,1053,1080
18442	1964,28498,4491
18445	12444
18459	15513
18476	12446,3246
185	3294,3424,3091,3543,9491
1850	12446,4263
18502	1964,2202,23190
18509	25269
18528	19467
18536	23519,24253
18549	25951,28296
1855	4800
1856	194
18566	1784,21336
18570	28278
18588	1332
18595	17715,18324
186	8765
18610	28954
18613	23055
18627	10172
1863	10554
18638	10631,10082
1865	2885,10111
18651	3424,1964,2513,54841
18664	2172,32894,4474,49465
18670	2672
18672	11855
18675	39745
18686	8449
18690	17679
18700	18352
18710	22579,28502
18715	16236
18718	47518
18740	2172,2603,28515
18746	2172,2603,28515
18750	28473
18757	11352
18762	1145
18780	23519,29982
1879	1784,35657
188	1332,1331
1880	12608,32894,4738,5683,5719
18822	19007,29825
18827	10631,23310
1884	43363
18847	19000
18854	12446,14975
18855	22344
18864	11450
18865	30545
18869	26503
18875	1845,5751
18896	20722
18907	36806
18911	3424,1964,2513,54841
18933	22077
18953	20984
18958	12446,20021
18962	28815
18966	27839
18968	13452
18977	28498,28893
18985	25470,43941
18992	37013
18994	30421,32680
19	1964,245,3151,3645,7006,7739
19002	28801,28947
19011	19337
19017	28510,28788
19024	17288
19041	29033
19045	28981
19047	28965
19054	29811
19055	23371
19059	16891
1906	216,228
19061	53243
19068	21857
19073	26477
19095	12446,19243
19123	24160,24960
19137	14231
19146	14811,19981
19148	16685
19152	24160,12388
19168	28110,29575,31882
19169	3424,1964,6567,7436
19181	21948,22706
19188	1291,1306
19193	28498,37068
19194	12444
19195	2885,26319,29199
192	253,1017
19210	49208
19212	17208
19216	28510,28788
19226	10365
1923	3424,1964,4148,4710
19249	14231
19254	21093,21360
1926	2172,32894,34028,39607,55232,6104
193	236,1971,25242
1930	22727,23563
1934	1159
1937	15870,33092
1951	12446,3424,10022,10631,13986,12073,11908,2885,12652,4738
1955	3122
196	3424,245,955,9664
1965	12446,4513
1967	3424,3460,8668
197	1964,3294,236,158,3424,245,4015,57192
1973	10953
1978	3673,4783
198	43892
1987	10025,1024
199	158,2172,1964,1742,2205,23860,3422,8573
1993	4361,4540
20	12608,2172,2885,22944,32894,7391,763
2002	1660,35081
201	2107,1071
2016	12962
2019	1003
2025	3424,4015,7318,7379
20276	2885,39045
20280	2172,3196
20284	25846,29217
20313	38149,44494
20314	12185
20326	15980
20327	27580
20331	12446,9891
20335	2885,24877,28498,42651
20344	23056
20356	27359,28055
20367	30731
20369	29105,29669
2037	5364
20372	25307
20376	2172,3196
20380	25283
20383	29927
20397	28947
20399	4421,8743
20400	12492
20404	26681
20408	10726
20417	2885,24407,28703,30124
20449	10631,40
20456	12555
2046	1660,44608
20467	14390
20468	17848,18837
20484	10631,23310
2049	12446,18777
20495	18308
20496	17825
205	1784,1957
20506	10152
20512	236
20514	16497
2052	10082
2053	4319,7530,8416
20532	12492,12446,7934,8417
20533	12033
20540	17392
20551	22247,21832,16612,22376,10093
20558	45866
2056	216,32894,4381,4623,476
20563	17697
20581	12446,12652
20592	28882
20595	17230
20617	10016
20625	216
20662	2885,10111
2068	12608,3424,45478,46269
20694	26142
20697	26869
20705	9545,9586
20709	26167
20716	32097,36334
2073	476,58400
20730	45314
20735	2885,5999,8801
20755	1784,3339
20759	22247,21832,16612,22534,2254
20762	21042
20768	22841
2077	2172,3424,32894,486,5293
20776	10248,14694
20798	20253
208	216,40128,44293,47563,4722
20813	12446,9104
20837	11715
20840	24609,24774
20843	1714,1730,30455
20860	21088
20866	216,28498,29731,30089,30496
2088	55454
20881	16771
20883	30320
20896	12446,7090
20898	28498,30210
20901	22579,30204
2091	1727,4412
20914	28498,30207
2093	2885,216,476
20933	23055
20939	2172,32894,4474,49910
20940	19656
20941	1931
20943	24407,10554
20958	14559,14689
20968	27687
20982	28498,30362
20985	30163
20997	22579,22247,26105
21	2846,285
2103	2885,12608,32894,2172,4738,5099,5653
21048	10061
21062	2172,26692,1012
21086	13166
21090	216,1120,10173
21109	30390,10011
21113	24407,34477
21118	19911,20135
21124	29358
21128	28498,30469
2113	1714,1730,9484
21147	22579,28963,37378,374
21165	14512
21170	216,30124,1120
21174	2172,28581,30541
21176	14012
21183	23519,6871
2120	2885,4570
21207	1414
21227	27821,29644
21247	3424,1964,6941,7527
21254	2172,28581,30541
21271	2172,32894,4474,4839
2128	1291,14717
21282	17854
21287	20490
21310	2172,32894,1217,28581,30112,33686,34894,36521,42388
21317	26503
2132	13062
21338	15980
21343	20253
21346	22579,7846,9007
21350	20305,35615
21353	29797,36102
21364	35517
2137	2172,32894,4474,45000
21371	12446,7802
2143	6526,7391,8674
2144	12446,4015,4738,6225,6260,6558
2165	2885,4854,4923
2169	3424,1964,2513,5619
2171	12608,2172,32894,3460,4632,4734
2176	3424,3460,10408
218	12608,1641,10440
219	12608,1235,1217,1727,1964,2065,1686,15663,1331,3424
2192	3424,12446,10499,4923,5751,5923
2199	216,3424,12446,4015,7079,7391,7406,88
22	3294,3091,3308,2242
220	10094
2201	1660,47424
2218	21604
222	1970
2230	1069
2233	12608,1120,1304
2236	4381,7788
224	17146
22405	30015
2241	36521,38273,5486
22422	12421
22427	40206
22434	12446,19313
22441	16115,35402,36291
22448	39867
22475	30229,33330
22488	26503
22494	16109,16609
22497	2885,32167,10107,32365
22505	26535,12208
22507	11963
2253	2172,32894,8235,9298
2255	13133
22552	3424,1964,2513,5420
22567	30771
22581	27321,29504
22586	18344
2259	1217,2172,4738,5727,7856
22594	61130
2260	34842,58021
22608	2885,39045
22616	10115
22622	28498,33041
22623	30171
22632	25183
22633	2885,2878
22637	12608,1120,32981,33663
22652	21966
22665	27121
22671	30070
22674	32106
22700	26339
22717	14918
22719	29803
22720	38134
22728	32888
22732	31882
22736	1784,11589
2274	3424,10061,4738,5001,10022,1003
22743	13003,15336
2276	18235
22760	25200
22766	29152
22782	32053,32258
22784	8179,9400
22788	32053,32256
2279	1784,4676
22808	20155,20392
22822	28498,34289,34782,34861,35088,35193
22823	143
22826	27484,27562
22841	25974
22844	27212
22899	12834,23862
22900	11593
22904	21493,23750
22917	10152
2292	3424,1964,2513,4203
22923	22579,32331
2293	2885,4854,4923,4930
22938	32254
22942	12492
22943	14067
22944	14067
22950	28498,32853
22952	12446,3246
22960	10020
22969	26876
22975	2172,3043,52504
22983	40644
23	14651
230	1525
2300	13986,20081
23022	22579,28643
23023	23519,24304
23028	24160,32999
2303	4538,5512,55167
23036	19958
23046	32406
23053	24160,32616
23059	16756
23083	21112
23097	32660
23126	12446,32766
23128	11515
23135	10631,24495
23154	1
23156	2172,32894,28581,338
2316	12446,8322
23166	32306
23168	1784,1851
23202	10726,10173
23212	32206
2322	2172,32894,4474,49910
23235	10201
2324	11547
23244	32930
23247	27049
23252	12167
23259	2885,5999,8452,8995
23289	25200
23293	35816,17407,36928,38973,39010,39480,59619,60717
23297	17086
23298	12446,12652,10015,10022
23308	1102
2332	3424,1964,4236,49629
23322	22496
2333	18892,18989
23349	25971
2335	467,571
23364	30670
23365	8179,11522
2337	1660,4996
23371	11698
23376	20846
23379	28498,36521,28110,35484,36275,36232,35724,476,47440,46953
23389	39975
2340	1727,1069
23400	11715
23412	12446,8449,8866
23414	36521,40128,38907,39296,40025,40188,40758,49801,59417
23417	24339
2342	12446,10022,12883,609
23421	32654
23424	20619,33801,49962
23430	25080,25635
23436	11908,12608,17950,22177
23437	1784,6860
2345	12446,3844
23451	26660
23461	25183
23463	28498,33464,34143,35564
23471	28905,33155
23482	6447
23484	10341
23487	10015
23501	13986,20081
23514	27484
2352	16326
23522	12388,24774
23526	14910,10011
23528	27116
23534	2885,4738,4842
23562	2172,28498,216,19418,32894,2736,33686,34541,34969,35816
23577	10611
23579	22476,17973
23587	30015
23592	24160,25702
236	56600
23607	12608,2172,32894,45069,8
23610	22579,22247,26105
23623	28498,10124
23646	15178
2366	12446,9171
23663	12446,33478
23669	22466
23672	59821
23679	17715
23683	3424,1964,2513,3728
23685	16025
23686	2885,5999,8238,8274
23691	24407,24775
237	2885,3424,1964,476,9861
23706	11499,11345
2373	2172,32894,4474,51074
23730	3774,53207
23733	28020
23740	32103
23746	30654
23754	20907
23760	29778
23775	27951
2378	104
23792	12016
23806	37344
23807	24407,25199
23827	22247,26477,36838
23828	24407,53292
23840	22496
23841	23791
23843	15467
23851	28498,28296,29360,32981,30183,32853,33704,33714,33321,33877
23856	15637
23858	29519
2387	34154,34682
23874	47518
23876	626
23882	28498,33526
239	3424,1964,2513,1182,5043,5099
23903	19851
23915	33723
23923	14758
23947	2885,33704,33856
2395	12446,6889,7530
23952	10080,12380
23978	36355,43988,50675
23993	12616
240	22417,12950
24000	10191
24003	19608
24020	2885,5999,6961
24034	13803
24038	24160,25254
24059	28167
24062	25253
24068	30124
24072	41920
24077	24160,28336
24081	12446,18839
24097	12608,13249,14247
24105	24407,34077
24108	23494
24120	16090,16071,28498,29360,34204,34498,36521,35758,40128,44293
24122	23333
2413	3424,1964,5006,5039
24131	25002
24165	5816,5855
24172	33287,10310
24179	216,17083
24185	16137,20016
24192	32001
24195	1660,3719
2420	3424,4783,5
24200	28110,51788,61260
24204	24312
24206	30421
2422	12446,5884,5751,5280,6401,5381,6874,7391,7299,6677
24229	1784,11345
2424	3424,1964,2513,1182
24249	32173
2425	3424,1964,4738,4632,5272,5884,6941,7530,8500
24269	14694
24272	18273
24285	24160,34231
24291	3379
24308	14067
24313	21479
24318	2868
24320	32786,34375,34607
24324	22579,3308
2433	2172,12446,12608,3424,216,4738,4381,5280,5612,5628
24350	17715,14559
24352	2885,10107
24359	1660,10011
24372	13837
24393	12446,12204,18028,7934,8417
24396	34498
24398	12446,14105
24404	12608,1452,2051,2064
24409	32201
24417	216
24419	20957
24424	15662
24429	216,476,88
24433	33030
24436	2535
24448	2172,12608,32894,6460,1012
24450	22848
24456	16095
24470	13123
24485	10058
24493	5884,60491
24495	10631,10554
24496	15980
2451	18765,1120,1975,21539
24511	2885,5018
24512	10177
24519	20124
24532	216,18765
24534	18428
2457	1964,2172,245,10061,2885,3396,5280,4361,5512,5590
24579	34315,34761,34775
2458	2583
24584	5953,5950
24590	23768,28987
24602	16272
24606	3424,6190,9449
24612	32001
24620	47875
24633	12446,18756
24653	26141
24657	34101,34645
24681	2172,32894,28581,33851
24687	20380
24691	34558
24695	19523
24701	34908,34948
2471	3945,5272
24710	29033
2472	3424,1964,6567,9010
24720	12207
24725	15723
2474	5519,7851,7855,9655
24763	28947
24767	19337
24780	21948,22706
248	1257
24806	12834,1120
2483	32
24833	20947
24836	28498,35118
24839	20712
24843	11352
24846	26161
24850	216,1120
24853	10145
24858	6079
24875	158,22192
24886	20304,19946
24892	34687,35143
24896	34687,35143
24913	20633
24915	10452
24933	16382,35484,37195,37992
24940	28498,29741,36521,36779
24950	21493,10111
24952	11237
2496	216,40128,44293,47563,4722
24960	24160,25676
24965	20305,32649,35194
24967	24160,12388
24973	16888
24975	2172,32894,34894,1012
24987	12834,17828
24989	34534
2499	5336
24992	33507
25000	40128,40669
2501	5068
25017	143
2502	2172,32894,5950,59445
2504	1727,5154
25042	12446,24942
2505	15935
25051	14154
25072	12608,2065,21533
25082	12446,24942
25084	1217,12255
25096	5746
25097	1784,12383
251	1317,1106,1328,1340
25111	22034
25209	35965
25213	21336
25215	21121
25222	23519,34674
25223	35159
25225	3424,1964,3799,3824
2524	2172,32894,4474,45704
25244	20670,21493
2525	3912,5301
25251	10172
25264	29982
25268	27902
25285	6889,9101
25298	34186
25315	22109
25322	22496
25323	35189,35541
25333	15834
25335	35860
25339	24160,25676
25341	32988
25342	3424,6190,9449
25343	23764,12338
25346	15658
25347	1784
25362	14168,21110
25368	19039
25372	19451
25386	12834,19354
25389	36082
25396	22579,10996
25397	23519,2490
254	467,605
25403	2885,32697,36291,35794,38143,57111
25428	22579,24955
25429	34842,9298
25443	35088,35969
25453	30364
25457	12446,9104
25499	30364
255	3424,2172,6567,7982
25506	24407,29894
25519	27594
25526	41526
25543	17715
25546	34724
25549	24160,33231
25562	30421
25592	7646
25613	37826
25617	29258
25630	32548
25631	34980
25635	16149,18148
25638	12834,10554
25650	18892,18989
25652	36003
25653	28498,36232
25655	18029,20066
25663	32837
25664	18111
25678	36265
25685	10217
25686	24160,30022
25690	22579,36410
25692	12342
25704	10111
25705	39497
25708	36275,36260
25709	10191
25710	1261
25711	1660,2064
25713	28498,29360
25727	2172,32894,4474,5732
25728	28947
25730	36311
25733	1020
25738	17415
25742	35702
25758	24160,25587
25759	24392,24607
25763	22356
25769	15576
25771	14559
25778	26288,26831,27483
25781	35472,36291
25782	36008
25787	28498,36355
25788	24407,11060
25789	44700
25796	23768,15168
25802	35016
25809	216,16656
25819	12950
25828	10011
2585	1784,1
2587	10631,1120,10022
25870	22947
25873	6981,7079
25875	22579,11116
25878	24060
25891	27338
25903	3424,1964,2513,1053
25905	36521,48443,50391
25926	25510,26998
25948	12446,24942
25950	23519,10082
25954	36567
25978	10554,10082
25990	2885,5999,6967,6981
26	2172,2065,2492,1922,2592,2524
26003	23985
26019	19063
26021	1660,34618
26023	12446,46471
26026	36552
2603	12446,3624,7929,8209
26034	10082,10092
26036	6821
26041	22109
26046	28498,31821
2605	12446,5478
26057	11794
2608	2172,1217,3424,486,5295,5727
26082	15725
26094	18273
26106	35016
2611	614,617
26111	24531
26125	12608,32894,1727,4474,59427
26133	2885,32697
26136	8449
2614	2172,32894,4952,5626
2616	5321,5503
26172	12446,8886
26173	32001
26188	28165
26189	11499,11703
2619	5321,5503
26191	11499,10996
26194	12834,1020
2620	5321,5503
26205	10631,10723
26207	17715,18324
26214	10631,10554
26225	33759
26228	37089,37331
26237	17407,10093
2624	5321,10037
26267	34315
26268	15658,22825
26270	59818
2628	5321,5503
26291	32512
26308	44353
26313	27902,48795
26315	17347
2632	13463
2633	10679,1113
26335	36521,37752
26339	25567
26340	17778,18891
26351	16095
26354	12446,15490
26360	2172,2492,1922,2592,2524
26363	30216
2637	5321,5503
26381	36233
26387	3424,1964,6567,7491
26392	23768,15189
26402	3424,3460,6577
26406	28947
26411	26535,27277
26417	17319
26420	37044
26425	13533
26428	3424,1964,2513,54841
2643	3424,5017,5272,5273
26442	12446,9622
26458	19973
26461	52426
26469	26790
26475	4263,8354
2648	10152
26480	21785
26491	37044
26492	23519,2490
26509	19460
26516	12446,14660
26537	26420,26681
26539	36521,39480,39895,46214
26556	29223,37325
26557	37357,37358
26565	14814
26571	35309
26574	24160,28336
26580	20070
26587	37444
26589	24407,25218
26596	10069
266	1217,1080,10440,1065
26606	12252,11944
26614	25676
26633	19985,25977
2665	16847,20213
26651	1964,2513,2906
26656	29200
26669	34425
267	216,3424,1964,12446,12492,10094,1730,1331,1654,11908
26705	7413,8025
26751	30045
26754	32779
2676	2468,5558
26765	476,51562
26772	28020
26784	34274
26787	22993
26788	36233
2679	1845,37190
26795	32001
26799	17994,23479
26817	4361
26819	1964,2172,21682
26868	35179
26870	21050
26871	20710
2688	37422
26889	26340
26898	13167
26911	32001
26914	11291
26917	2415
26924	10569,37720
26928	30112,34080
26930	25234
26936	36710
26944	34940
26959	37350
26961	20984
26970	28498,10124
26983	10691
27	10152
270	13513,1907,6860
27004	14731
27009	36521,37613
27022	24160,24609
27047	37967
2705	10631,10751
27057	32001
2707	1727,15870,17421,40128,42683
27078	27110
27080	32949
27097	19203
27133	20917
27150	476,55784
27154	26876
27163	21398
27176	36071
27200	14208
2721	4876
27214	36521,36355,38149,40128,39480,41376,41917
27225	30467
27231	3424,1964,36731,45838
27240	15592
27263	143
27269	3424,1964,2513,5420
27272	24160,12572
27285	11753
27291	1784,21258
27311	1291,15701
27315	10089
27328	11919
27338	38337
27339	18029,20066
27346	39333
27363	34514
27369	23110
27373	15871
27385	14105,14519
274	1727,43667
27405	38461
27408	12350,13448
27413	54956
27423	12446,2812
27425	20122
27426	38386
27442	37222
27445	38461
27454	38461
27466	34562,34712
27473	18878
27484	20469
27491	39497,15066
27502	2172,32894,537,7832
27509	12446,32533
27516	34842,36302
27517	36521,43012
27541	32103
27545	25980,26307
27553	26604,38388
27556	36521,35816,40114,39154
27567	34842,57357
27580	36521,38887
27584	36399
27585	38280
27588	30171
27591	10267
27596	38790
27601	24200,24446
27610	37089
27622	33714
27631	104
27633	37141,37558
27637	28498,35594
27646	39497,39730
27648	35260
27659	40987
27666	11589
27672	26116
27675	19390
27678	11060
27698	12446,34768
2770	10657
27714	24160,24262
27715	12834,19354
27727	28498,35829
27734	47518
27746	22579,28643
27764	36521,38865
27765	37141,38471
2777	6313,6273
27778	32001
27797	9264,9417
27799	34980
27810	15632
27817	10003
27819	1109
27834	27739
27847	28498,33977
27859	13156
27863	10061
27878	26879,38123,41081
27880	22496
27888	15317
27913	22109
27916	36521,476,55139
27918	10018
27919	12446,8142
27940	2780
27945	2885,37823,3891
27951	1660,28394
27954	24704
27955	2172,12608,32894,6460,750
27956	27410
27959	30015
27963	38987
27970	33667
27978	27770,27767
2798	3424,3460,56721
27984	39138
280	12608,1217,13249,14515,632
28000	37643
28005	15333
28006	32001
28008	54374
28014	10092
2804	18972,5025
28048	30731
28055	24407,25218
28061	20056
28086	37123
28097	2172,28581,30541
28102	51074,57505
28111	39082
28134	34798
28136	33321
28141	19960
28143	38973
28144	12834,17946
28150	2885,32697
28151	35657
28157	10631,12723
28158	34514
28170	1964,2513,2906
28178	1291,13335
28213	3424,6190,9449
28217	18878
28219	24873
28221	33265
28234	10166,17950
28252	2172,32894,4474,59696
28263	476,58507
2829	12446,6555
28305	2172,28581,1012
28308	10691
2831	5652,5787
28310	22961
28312	10631,10919
28322	29291,39017
28329	24912
28340	35016
28343	16515
28346	35295
28355	597
28363	2885,29646
28376	2149
28390	35969,36109
28400	1964
28401	36324
28429	20696
28459	21493
28461	3774,38925
28463	39028
28480	18891
28483	38224
28487	216,30124,30155
28497	216,30183,34782
28510	13468
28521	36163
28535	12446,14968
28543	40128,40434
28558	10657,10179
28567	13610
28577	20984
28581	32001
2861	11499,11116
28639	24590
28641	18555
28647	18111
28649	10062
28664	2885,5018
28670	2172,32894,4474,45792
28677	21937
28692	54745
28716	18085
28717	39480,12330
28722	28225
28747	24160,30022
28753	30472
28758	37234
28760	22848
28770	32018
28773	2172,3424,32894,4738,48540
28774	1120,1080,12114,10020
28776	16756
28798	33607
288	2172,32894,4653,8864
2880	3604
28800	28498,35829
28812	15945
28820	36521,28498,26740,38858,39431,40128,55761
28836	37234,38258
28845	13873,8050
28847	12608,2172,36521,45157,45240
28849	36193
28850	12834,1020
28863	27034
2887	12446,2462,20356,5787
28881	10600
28883	35179
28886	28498,33977
28893	17679
2890	2172,3424,32894,486,5293
28902	40128,44440,51480,53618
28921	15236
28925	1053
28930	1750
28965	40310,41414
2897	9639
29	17
29012	5816,5855
29022	2566
29041	11158
29047	32001
29068	38048
29105	35260
29109	40128,40310
29119	32782
29127	20256
29132	27937
29153	39497
29155	40206
29157	33032
29159	36233
29171	216,32201,43391
29185	41503
29208	23791
29214	51747
29219	22160
29226	25002
29237	34274
29245	35295
2926	2885,5999,6967,6981
29266	39664
29319	29291,39017
29320	2784
29324	32001
29327	33858
29328	40536
29348	3424,1964,3624,36470
29351	25996
29360	2172,28581,29033
29372	25980,11900
29379	2437
29388	17483
29389	39109
29393	12446,9454
294	10631,12446,2172,12944,7194,7390,7384
29413	11963
29414	1315
29450	1291,1065
29466	37068
29469	28498,30658
29472	32001
29476	12608,1235,12735
29495	28529
29508	10600
29510	2172,32894,7929,7932
2952	10093
29529	18531
29534	32673
29538	24160,35193
29545	13610
29547	12330
29551	34534
29558	22961
29579	40714
29587	23764,37290
29590	3774,39227
2960	14762
29605	36399
29610	2885,28498,29742
29626	23519,24304
29627	40638
29642	40474
29644	19195
29663	37123
29664	36638
29681	35159,35174
29683	40659
29688	19780
297	12608,1235,2065,12073,216,1756,1727,5273,7391,7209
2970	6232
29709	20726
29714	1964,33795,6199
29718	1341
29722	12446,10061
2973	2172,12608,32894,5727,5683,6268,6319,6864
29738	30670
2974	104
29745	1660,45339
29754	40987
29759	8082
29766	40310,40758
29772	22579,24955
29782	39675
29785	19054,9639
29792	10152
29797	21444
29823	1291,10996
29828	12167
29839	18669
29840	10124
29847	36785
2985	15317
29871	17137
29872	40128,45767
29875	43572
29907	24160,26967
29909	25024
29916	17580
29930	18121,18392
29932	216,37422,38035
29939	40128,41549
29943	37774
29950	25996
29983	37123
2999	2172,32894,34028,36920
29998	29291
29999	16090,15224
3	12608,2172,1080,1120,1235,158,1686,1964,1727,1393
30	18765,1452,152,476,88
300	902
30002	39745
3001	3424,5727,4953,6199,6163,6306,7686
30017	39937
3003	2172,32894,4474,483
30032	20850
30039	12446,24942
30046	33795
30048	17715
30051	12363
30059	3537
30067	18765,1759,40128,41549
30074	40934
3008	5796
30084	22247,25603,59652,61279
30085	31819
3009	3424,10061,3460,21112,4738,8179,9264,9674
30097	46369
30106	36521,55598,57060
30123	216,7731,7953
30124	40128,41201
30140	38907
30153	21524
30155	14559,16664
30171	42075
30203	33777
30215	14678,15867
3022	3540
30220	32406
30239	22961
30240	25308
30241	41548
30253	25356
30279	2172,32894,34028,41331
30280	40128,41654
30297	39480,40645,48482,57824
30322	11060
30333	40128,41649
30364	35179
304	12608,1660,18055
30412	32406
30415	40092
30417	15590
30419	23543
30425	47809,40128,5558
30464	25603
30467	12446,24942
30473	27902,38125
3049	10082
30494	3424,3460,6885
305	14149
30508	29446
30518	33678
30530	47586,44917,48211,50479,51425,50398,55552,55377,58422,614
30533	11498
30542	40855
30555	1727,11670
30561	30369,11742
30589	10922
30610	16095
30625	28498,10124
3063	3294,10173,9410,9926
30636	39497
3065	12446,4538,7846,8142
30677	28017
30680	19057
307	3424,8364,8652
30709	17828,28380
30712	41833
30734	29828
30742	4131
30767	7413,7725
30784	24407,10564
30789	1053
30792	2885,5999,10111
30793	40128,38776,42245,42263,42474,42866
30805	13282,10082
30831	12492
30833	2885,36291,42056
30847	36163
30852	10325
30857	25980,26307
30866	28498,35829
30879	10288
30892	12630
30902	41264
30918	43865,44264
3092	41869
30921	16559
30922	12608,32894,5103,5653
30925	36233
30942	26876
3095	10856
30977	24232
3098	10166,6433
30988	24775
3099	3604
31	1805,429
31015	41699
31024	14929
31026	13156
31053	41746
31054	5685,6324
31055	12015
3106	10061
31061	12941
31064	36521,37067
31067	40128,42431
31069	158
31080	12608,1235,12735
3109	6268
31098	27765,27766
3112	1903,12188
31138	10631,10554
31141	32794
31159	44440,41648
3116	4015,6088,6273,6318
31167	19523
31183	34289
31201	37357,37376
31206	38679
31209	39028
31231	37774
31241	34498,35155
31244	21730
31256	2885,5999,7823
31272	36334
31273	2172,32894,28581,33851
31290	39745
31297	10569
313	2107,1145
31303	37915
31307	2885,5999,8801
31310	35260
31312	25980,26307
31326	3424,6143,6183
3133	8371
31335	18176,4486
31342	17065
31361	33264
31370	32678
31386	29066
31396	28918
314	3424,2172,6567,7982
31407	29924,42337
3141	6088,6358
3142	13513
31422	39663
31423	17288
3144	2885,5999,10365
31444	41466
3146	12446,5457
31471	1227
31485	8179,8254,9263
3149	2172,32894,6095,61016
31492	10600
315	1686,1695
3151	1358,36521,7678
31523	40128,42886
31539	14678,15867
31559	35189,35541
31567	1291,1156
31575	28163
31596	40128,42935
316	12608,1235,1229,1525,158,1452,112,1686,1662,16233
31613	28498,31821
31616	24407,25820
31626	42886,55666,58398,60821
31627	16357
31630	52486
31639	45491,47167
31642	38412
3166	4876
31668	2172,28581,19696
31676	12659
31679	12662
3170	3424,5017,5272,5273
31718	36521,39499
31722	36521,40128,42304,43254,43357,43517
3173	12446,7851
31733	30121
31747	27212
3175	10657
31753	40128,40136
31759	40128,43101
31765	40128,4322
31785	2885,5999,6803,6934
31797	11515
31818	51425
31824	47116,49984
3183	2885,7413,8025
31842	43134
31859	41995
31865	21497
31867	36352
31868	26885
3187	6473
31870	32377
31879	33216
31888	36521,37933
31896	26116
319	17556
3190	2172,1452,12608,1217,32894,2885,5751,6860,7031,8804
31901	21444
31902	14297
3191	27116
31926	54001,58836
31928	13166
31930	15613
31944	2885,10115
31949	1660,10015
31959	35564
31999	40128,43444
32019	13991
32022	34534
32025	10173
3203	5653
32045	2198
3205	8179,8984
32057	35179
32101	1714,1742
32111	26535,27277
32118	22041
32135	38987
32136	26674
322	1964,2513,3053
32200	216,37422,38035
32205	1227
32206	24249,26876
32216	43386
32220	40310,40758
32222	15066
3223	1660,3333
32238	12446,20364
32252	28748
32262	36521,37284
32275	24160,26215
32283	4309
32293	26782
32294	3424,3460,6458
32312	35657
32316	41759
32321	54718
32339	19460
32368	3774,40917
32369	41967
32371	32365
3240	22034
32403	3774,38925
32404	23519,2490
32405	12630
32408	10922
32410	10173
32414	12956
32416	12356
32427	37234,51425,6526
32443	25510,26998
32454	1660,17186
3248	12446,6503
3249	13521,10015
32491	42591,46928
32495	40128,41414
32506	34541,37002
32510	11702
32513	12608,32894,43878,20510,57302
32518	37061
32523	27003
32540	33957
32541	157
32543	42373
32551	2172,32894,34028,4218
32560	40128,20712
32606	1069
32609	20703
32615	28767
32630	28498,30229
32641	21266
3266	18043
32664	40128,44105
32686	39745
32693	27765,1080
3270	1784,6860
32704	40128,42701
32708	2950
32752	16095
32765	12167
32771	12330
32779	35016
32782	36521,39693
32795	23110,23692
32809	28498,31821
3281	7133
3284	3424,2885,5999,6567,6603
32845	37813
32850	2885,5999,8452,25058
32858	40432
32863	40128,44362
32865	33092
32868	44373
3287	12492,7934,8417
32893	44019
32908	3424,1964,3609,3621
32920	29488
32922	36521,36779
32927	2149
32965	40128,41199
32966	32779
32977	2172,1727,2205,2349
32985	25649
32987	41237
33	216,1452,3916
330	39
33023	1727,26385
33029	36288
3303	12608,2172,20070,21112,22579,21015,20619,24664,26420,27484
33030	24242
33033	21785
33040	12446,3430
33055	40128,44489
3306	10536
33065	40921
33072	42927
33080	29628
33107	15434
33115	7731
33127	17303
3313	216,52232
33147	17483
33154	40128,44527
3316	12446,6860
33179	41375
33180	35854
33228	8449
33242	29002
33248	2885,10490
33287	39731
33304	32103
33327	33067
33336	12834,16501
33341	31840
33346	40128,36355,43517,476,48540,53208,52452
3335	2885,5999,6199,6667
33354	35179
33359	25191
3337	4538,5512,55167
33371	25438
33376	23838,11900
334	2885,5999,5438,60854
33400	39344
33433	23519,2490
33446	12446,2078
33466	29821
33472	12446,13405
33475	35016
33485	44919
33499	35179
335	12608,1278,3424,3460,745
33522	17505
33566	53910,53971
33575	25649
3358	12608,1452,3424,45720,6788
33583	25317
33589	15236
33590	32792
33592	2172,32894,4474,51753
33593	1964,2172,2386
33603	41084
33622	10244
33631	19174
3364	5884,8702
33643	10631,10082
33649	41375
3366	36521,10124
33670	15236
33674	4263,8354
33697	25626
3371	12608,1452,2051,2064
33713	10726,37050
33730	2172,28581,31962
33732	13620
33734	24160,25964
33745	26834
33766	35258
33767	29821
33816	29019
33823	3424,1964,476,5375
33849	1373
3385	2885,5999,7846,10017
33856	10135
33862	24160,35193
33863	25847
33864	1784,6957
33876	32018
33882	13991
33896	40128,45324
33902	24160,12572
33914	32341
3394	2172,3460,7846,8481
33940	40128,45378
33948	40128,11361
33952	18040,10107
33954	2172,32894,36920,38907
3397	476,59093
33972	11091
33992	43619,45381
34	21803,61130
34006	24160,24973
34007	40372
34022	20710
34030	48932
3404	2962,10135
34053	20710
34059	24407,25846
34060	3774,38925
34084	1660,33611
34104	12446,15490
34126	45263
3413	6851,6849
34136	12608,2172,32894,4474,45008
34148	37230
3415	10133,3424,15870,4450,6143,6941,9567
34158	10445
3418	26288
34180	40128,43356
34191	39748,39751
34196	20846
34202	45649
34206	12608,2172,32894,45447,4578
34212	3424,3460,45598
34232	216,40288
34239	37532
34244	15862
34263	10058
34264	37308
34269	37080
34277	44249
34284	17825
34286	37123
34294	24283,26319
34299	24160,33947
34300	41217
34338	41714
3435	12446,15984
34376	24407,28703
34380	36521,37613
34387	33092
34391	40128,44608
344	12446,3072,1660,5280,6889,7934,5186,8877,9101,9339
34408	55920
34413	16090
34420	28947
34423	40175
34426	15613
34444	12608,2172,32894,4474,45008
3446	3134,7600
3447	23259
34496	36272,6297
34503	45590
34511	40128,40777
34524	39867
34561	38987
34562	11919
34574	2172,1727,2205,2349
3458	2885,5999,6957,6934
34604	33067
34616	10082
34624	12834,12388
34631	39867
34632	7686
34638	12608,2172,13249,40128,46199
3464	2704
34640	40128,44421
34642	36355
34658	24275
34662	34101
34673	40128,44527
34674	45157
3468	10037
34689	476,56506,56689
34690	33678
34698	35860,35958
34701	22579,30777
34705	29019
34707	12446,18008
3471	1159
34719	14501,38121
3473	2351,9815
34732	41594
34778	45240
34779	39867
3478	12446,7088
34782	1660,18553
34807	13610
34810	2172,34028,4474,46201
34821	23424
34822	20535
34823	22579,22247,26105
3484	12446,6756
34840	12446,3831,39525
34847	42822
34853	2885,7413,8025
34856	24426
34857	30171
34858	10015
34866	35676
34869	12163
34871	13866
34872	216,11505
34873	12394
34896	40128,45310
34917	13987
34949	40128,46358
34961	12608,2172,32894,4474,45008
34987	32377
34989	34625
34993	19177
34996	27484
35	3294,3091,3308,332
35003	33324
35014	15633
35035	7707
35043	45834
35051	40128,44489
35063	2172,1727,2205,10440
35073	11919
35081	45288
35092	45779
35101	54260
35113	33092
35129	19057
35132	476,59093
35140	1660,3235
35151	47223,47610
35180	2172,32894,33191,33686
3519	3424,1964,2513,54841
35218	1727,1887
3522	12446,4738,4319,216,6941,7079,6984,7194,7413,755
35263	18008
35282	40128,44592
35301	2172,32894,34028,39889
35313	46069
35341	24160,26998
35351	10164
35365	22579,1051
35367	41594
35380	44782,46704
35381	33122
35382	45978
35388	46946
3539	19064,22953
35393	19997
354	12608,15870,158,1964,1759,2885,8037,8568,8770
35409	44573
35411	47099
35426	22727,23563
35433	45598
35445	1784
35458	5652,5787
35477	2298
35488	2172,32894,4474,46873
35493	2172,3460,4474,10061
3550	12446,12492,1964,158,2172,12652,7079,5751,5884,7006
35506	44512
35526	29669
35531	22147
35536	12758
35563	10631,10554
35612	37919
35614	40659
35621	28498,35341
35623	59652
35656	43945
35664	37570
3567	24160,25964
35671	37141,46968
35683	1964,245,2472
35684	39664
35715	36102
35735	2901
35770	36521,37067
35775	24324
35776	28380
35794	15356
35797	12608,2172,32894,4474,45008
35806	1727,1069
35827	46979
35828	1660,32145
35850	3424,1964,6567,10564
35856	10600
35864	38368,39512
3587	1660,612
35872	32715
35881	49096
35890	40128,40721
35893	2172,28581,1080
35900	19397
35905	22034
35913	40128,44592
35926	12426
3597	1198
35971	28166
35975	25626
35986	23485
35989	23519,8
35999	12950
36	1784,1926,1,10015
3600	14989
36004	38887
36006	20006
36007	40128,476,46953,55498,56491
36010	49625,50104
36024	47518
36026	40128,47427
36039	38797
3604	236
36048	3424,43995,45597
36050	30037
36079	3774,11345
36080	40128,47223
3609	476,44293,7006
36096	50928
36115	23519,2490
36122	19057
36129	35084
3613	3424,1964,6567,7079
36153	476,56888
36157	12446,10150
36163	17633,10115
36193	18765,1120,1975,21539
36206	1714,40609
36213	35938
36227	24160,25590
36231	47898,47950
36237	43182,46201
36256	41217
36261	41759,476,48157,48049,48471
36266	12330
3628	2172,32894,4474,874
36286	24160,25964
36293	24805
363	1784,216,40128,44293,47563,4722
3632	12446,7343
36321	35016
36322	43361
36334	28498,34793
36345	34980
36351	34489
36372	4494
36380	25562
36388	1931
36397	16090,23117
36398	47753
3640	21659
36407	38138
36408	40128,47888,47809,47950
36410	34183
36428	15871
36430	45404
36443	12834,13249
3646	12608,2885,2172,12492,12446,10679,3424,10365,32894,15870
36466	20619
36468	56277
36471	3424,40128,46267
36485	47886
36489	26879,27868
36494	19511,10147
365	1065,1331
36506	26866,27222
36531	476,48659
36540	28579
36583	10996
36586	2172,32894,537,7832
366	1784,745
36611	2172,34028,28581,45354
36613	40128,46077
36617	14910
3662	3774,10996
36627	37990
36630	10569
36645	19606
36655	36521,37067
36668	39649
36675	56016
36683	35938
36686	12071
36687	476,48075
36699	15146,2878,17760,45404
36733	48181
36744	1540,1852
36745	2885,5018
36755	19674
36767	14797,14793
36776	40128,42269
36804	28498,29706
36812	25067
36842	53266
36849	45404
36851	12004
36891	34798
36907	48322
3695	3774,61269
36968	11919
37	1686,2172,216,32894,476,88
37016	38368,39512
37019	28498,10124
37041	30002
37048	40128,41666
3705	31933
37051	17950,22177
3706	7216
37094	16115,37442
37096	47699
371	2172,12608,2018,2366,28593
37102	3774,43908
37107	2172,1727,1964,245,2462
37110	36521,38865
37114	21739
37121	42651
37137	10631,19120
37145	18208
37153	37344
37177	11919
3719	11498
37194	476,48540,48837,48990,51957
372	1331,10341
3721	10326
37210	43482
37232	34530
3724	3424,1964,6567,7491
37245	36201
37249	29954
37264	476,48833
37269	32103
37301	12834,19354
37321	476,48837
37327	41603
37342	1727,1058
37349	38154
37386	1291,50173
37388	38161
37397	48875
37404	26804
37418	48169
37424	23479
37428	24160,27954
37430	24131
37434	36160,39664
37437	25402
37449	36317
37452	1660,17053
37453	2149
37461	2172,3043,3065
37474	50398,56973,57257
375	576
37509	34315
37510	41217
37547	24407,40459
37555	40810
37559	49659
37564	10124
3757	12608,13249,10440
37579	10600
37582	476,49271
37602	38224
37609	39636
3763	3424,1964,6567,7436
37636	15520
37667	47731
37702	12446,9161
37746	476,49801,51477,53143
37763	10631,10554
3777	7169
37796	49204
378	2885,2310
37801	22579,3308
3781	13839,1404
37812	2885,5999,6967,6981
37816	27456
37842	53696,53769
37845	46687
37857	48540,49388
37860	40304
37876	17465
37879	43728
37893	40128,46077
37899	11589
379	3424,3460,8568
37911	37141,47339
37930	41594
37935	32250
3794	2885,5999,944,973
37950	35179
37953	50339
37964	2172,32894,34894,35301
37985	22997
37987	10822
37991	39792,49588
38	32097
38018	476,53910,52709,54567,55481,59931,60907
38024	36399
38044	7846,10061
38069	14501
3808	3424,5280,7571,7734
38085	32948
38091	3424,1964,7390,7586
38098	49807
38115	20304,19946
38116	45229
3812	17295
38125	48482,49799
38127	17159
38136	14694
38144	35938
3818	7413,7531
38183	26477
382	12608,1080,2172,32894,6311,8659
38200	49727
38201	36047
38208	43917
38218	28498,30658
3824	2172,32894,6372,6508
38263	15273
38268	1120
38271	50727
38272	27101
38273	49820
38291	10554
38296	23519,29982
383	12817
38311	23421
38343	40128,43161
38347	476,47924
38362	41375
38381	45774
38387	3774,38925
38397	10753
38434	49657
38440	34301
3845	10631,10691,10929
38457	49784
38464	34498
38474	1660,3963
38477	32513
38482	37933
38507	46974
38509	57107
38516	1784,4381
38539	33571
38550	50254
38555	10631,10808
38559	58568
38564	12834,13282
38565	216,12834,22586
38575	3774,38925
38586	50263
38598	34700,34782
386	2172,32894,4474,601
38613	3424,3460,8630
3862	6401,6849
38642	18438,17748
38645	55498,55552,56796,60894
38654	37357,19523
38665	10015
38674	12071
3868	1784,1759,245,9815
38686	36521,48443,50391
38693	2885,5999,8238,8274
38709	27536
38738	29821
3875	5381,9421
38780	27212
38795	40128,42094
38799	47987
38857	22373
38860	1033
389	14793,18008
38926	21926
38938	55498,56629
38955	5280
38976	42801
3900	21305
39001	1727,2205
39008	508
3901	2885,5999,7484,8365
3902	13052,10173
39032	49625,50293
39035	14934,19426
39047	36175
39054	40128,42917
39091	50398,52257
39092	1660,45339
39104	43918
39124	23954
39130	14651
39187	22579,23933
3919	2885,10490
39206	50999
39209	14501,38121
39217	16493
39237	26604,38388
39245	13074,15357
39251	53942
3926	11438
39263	3424,3460,3830
39275	2172,32894,4474,5109
3928	37618
39304	51111
39320	14559
39325	2172,32894,4474,51056
39342	1641
39344	18765,1120,1975,21539
39362	338
39364	27594
39386	51466
39389	40128,42683
39407	36355
39441	10009
39445	11944
39453	18359,10152
39455	476,55139
39491	35517
39508	2172,28581,29687
39513	51323
39516	476,49161
39529	13957
39542	216,37422,38035
39548	36682
39549	39628
39570	10191,10015
39571	2885,24407,21497,10115
39596	476,10124
39613	2468
39614	10082
39622	30790
39625	11919
39630	12630
39645	14501,10164
39654	37698
39670	11214
39689	10173
397	1291,1053
39701	40503
39705	49801,10124
39747	47563
3976	12330,10124
39770	12330
39772	11345,10107
39781	11276
39790	11789
39792	2885,10111
39802	12330
39807	20726
39811	10166,10554
39857	10159
3987	10631,10554
39876	23204
39877	10164
39896	27808
39897	51550
39899	52287
39929	41338
39930	476,54025
39936	51668
39950	40128,46077
39954	12446,3430
39956	50082
39993	35189,35541
39995	2172,1727,2205,2349
4	3774,8456
40003	476,50207
40005	486
4003	14430,1727,24464,19000,22727,24535,26288,22579,25561,26813
40035	6889,10127
40036	49161,58460,61338
40052	10164
40073	43975
40079	45709
40084	12492
401	2172,5556,6779,5683
40100	1727,21832,16612,22188,22205
40105	11438
40108	29821
40111	51252
40114	2172,1727,2205,2349
40121	43259,43307
40122	34980
40126	10124
40129	27410
40214	37141,54620
40224	45145
40225	44471
40227	32188
40241	48121
40245	38368,39512
40246	12623
40256	36512
40284	52100
403	1620,1648,1661
40302	45404
40310	2172,32894,4474,52203
40314	11244
40344	15613
40347	46752
40351	28498,35341
40362	35179
40365	40128,41553
40367	41942
40369	10922
40376	1
4038	10082
40381	10922
40387	49388
4039	44583
40390	12338
404	3424,1964,2513,5590
40401	47213
40422	52257
40425	23764,37290
40440	51104
40441	40128,44608
40448	33876
40449	11919
40465	13282,15737
40483	12446,13481
40484	20345
40490	45311
40496	32513
40517	44919
40527	41553
40529	1686,1695
40531	50100
40541	37374
40545	476,54058
40555	2901
40563	10564
40571	3774,11116
4058	2962,10135
40603	51425,52379
4062	7436
40631	40645
40658	476,52504
4068	10631,10554
4069	12446,4738
40696	32715
407	12446,7665
40716	51425,52379
40727	24160,28392
40745	40128,45649
40747	2172,32894,31933,33175
40749	39424,39429
40759	28947
40777	51425,52379
40784	41992
40793	50172
40799	28294
40816	51425,52379
40819	33571
4085	2962,10172
40859	1120
40870	35179
40948	37967
40951	24160,25590
40957	21479
40960	10372
4098	12446,7823,7927
4100	17190
41004	47586,54546
41014	23519,24304
41028	52257
41030	4421,8743
4104	12446,8142
41046	3774,40917
41059	1235,1331
41061	18606
41069	40933
41086	36376
41089	52857,52927
411	14286
41115	476,52576
4112	25590
41135	476,51425,53321,53456
41153	16725
41160	34980
41165	11919
41172	10811,10082
412	1217,12608,1235,158,1654,1,1758
41203	51425,52379
41210	27586
4123	24160,3424,7246,8568
41267	41531
41283	53087
4129	3424,1964,2513,450
41317	52875
41323	49657
41333	52798
4136	2885,5999,7484,8272
41369	47586,13377
4137	12446,7942
41389	17505,11753
41391	2885,52140
41397	60977
41409	27308
4141	2885,5999,9007
41411	52656
41418	17470
41425	216,40288
41436	45791
41467	49625
41496	36521,38847
41510	52932,53276
41522	42054
41526	22733
41537	50328
4156	13576,1146
41567	48482,49799
41575	35580,52946,59652,60297
4158	2172,32894,4474,57597
41589	12941
41595	27536
41619	47950
41633	48791
41639	51460
41642	45917
41669	20135,21161
41676	53292
41677	43970
41686	53292
41687	39082
41697	2172,32894,4474,45
41714	42885
41715	2603
41716	26027
41766	24784
41768	17778,52789
41781	53584
41786	53208
4179	7079,7187
41801	12572,12350
41818	2205,55564
41846	476,47563
41848	19949
41850	12834,19368
41858	3774,51689
4188	9484
41899	12490
41915	48121
41930	12608,28581,29033
41931	476,58998
41938	42885
41950	58804
41959	476,30390
42002	42269,11361
42017	21093,21360
42042	14694
42074	15613
4208	12446,8877
42107	13377
42121	26406
42136	41915
42146	2885,5999,55157,6914
42147	10631,10082
422	3424,1964,245,4786,10020
42222	53910,53971
42244	11919
42253	13610
42267	14950
4229	2885,1654,18040,32280
423	12608,1217,1452,1907,2051,20487
42303	43022
42320	30183
42328	52287
42330	6064
42338	33092
42385	30573
42403	26311
42411	36911
42416	476,48075
42419	20219
42436	10631,10691
42438	32660
42449	1436
42459	14179
42463	13377
42469	34980
42492	12342
42504	27808
42508	2172,32894,476,48875
42523	13377
4254	10191
42640	10753
42647	26296
42661	48356
42674	23764,32992
42688	21779
42692	4421,8743
42695	2819
42713	40128,45276
42733	16997
42758	45834
42770	40683
42774	14872
428	1907
42803	47586,54546
42811	57173
42820	19337
42832	25846
42833	1784
42846	19566
42850	26866,27232
42853	34908,35286
42866	37141,49147
42874	37141,54620
42892	14208
42894	22247,21832,18843,35969,36109
42909	13123
42913	14297
42927	16149,18148
4293	6978,7774,8177
42949	47586,10600
4295	10164
42950	38129
42964	33564
4297	3424,2172,6567,7982
42973	32527
42981	2172,32894,34028,39889
42994	694
43	216,2172,476,4738,6852,88
43016	15658
43017	22264,17715
43030	59652,59824
43050	2172,32894,4474,4527
43090	28498,33251
43104	2885,57042,57726
43105	10280
43114	4247,10011
4312	1964,2172,21752
43123	24160,35193
43125	36965
43142	48934
43152	21803,3852
43163	54007,54926
43177	20642
43179	44037
43181	52986
43186	46494
432	1114
4320	7932
43207	10569
43224	1053
43225	32792
43236	32018
4324	2172,12608,2366,24591
43240	40128,40312
43248	40721
43252	25080,4893
43256	49542,54874
43261	1949
43279	1784,1
43297	42885
43309	12073,10003
4332	12446,11276,8142,9342,9458,9586
43336	28498,36416
43346	3079
4336	10092
43362	35189,35541
4339	10111
43403	32027
43412	35179
43414	10248,60150
43430	54961
43436	12446,7090
43446	2885,55157
43447	2172,32894,4474,55025
43448	4876
43455	2172,32894,34028,34808
43490	18502
43495	11499,18531
43500	38846
43505	16022
43525	47586,54546
43552	55552,55654
43559	15856
4356	26503
4360	2172,3424,10011,486,10009
43615	55300
4364	16804
43654	24407,32786
43659	55300
43668	10248,50675
4367	3424,1964,5017,5153
43676	15613
43685	10164
43688	21470,11753
43710	59821
43720	36521,36761,38245
43731	54165
4378	2885,5999,4738,8037,8280,9342,9816
43784	37296
43787	476,52932
438	951,9509
43801	9410,13182
43812	17470
43824	47888
43834	20249
43842	25635
43847	2900
43854	55498,11919
43861	2172,32894,4474,46873
43867	1964,2066
43889	476,57710
439	2172,12608,32894,6460,750
4390	4263,8354
43905	40128,43771
43907	56757
43915	1660,54317
43984	33957
43988	48028
43989	3424,6190,9449
43999	31840
440	12492,10691,10061,12073,1235,1759,13986,158,25090,24664
44005	476,11742
44008	47586,54546
44025	1660,47723
44040	1235,14434
44045	28947
44064	47586,54546
44075	476,56675
44095	476,59029
44099	49659
4410	7512
44100	55336
44130	1907
44133	50887
44139	11944
44148	24407,32322
44161	476,55598
44163	29291,39017
44166	19523
4417	59821
44188	55604
44194	55604
44227	10657
44232	11919
44237	54761
44258	35179
44263	10391
44287	2172,32894,34028,42941
44318	41046
44334	10068
44361	2172,32894,36920,38907
44373	21513
44384	50548
44408	10726,12073
44434	55608
4444	3424,6731,7302
44447	49444
44471	40934
4450	2885,12492,8367
44506	15273
44533	52725
44540	52287
44566	1964,1759,1607
4457	22579,8373
44581	23208
44640	40128,40345
44647	55604
44674	40128,46499
44675	42927
44678	25002
4469	10082
44719	12834,17946
44726	476,56490
44729	56565
44733	476,56242
44741	52534
44767	48875,56786
44776	55016,56012
44781	18192
44783	28882
44829	1784,5519
44851	3774,38925
44860	54742
44863	50603
44870	41915
4496	12004
4497	10655
45	34067,57
4500	2885,32894,5999,8037,9538
4506	2172,32894,4474,49465
4523	8401
4524	10248,10326,2544,8864
4535	34700,10062
4538	12063
4539	1660,17053
4548	50758
455	745
4551	15548,7916,8895
4553	36521,37752
4558	12446,10061
4564	4504
45874	476,56630
45888	39792,56886
4589	4504
45893	49625
459	36201
45911	56222,58025
45921	33571
45955	52857,52927
45992	48934
45993	40645
46018	1964,1759,1971
4608	3753
4610	10631,11450,12350
46100	30742
46113	36521,37557
46126	21644
46130	11361
46159	37141,54506
4616	12492,15615
46161	4538,5341
46163	1660,3719
46164	19039
46192	34315
4620	45204
4621	8765
46211	476,56222
46225	39663
46227	476,57672
46246	9497
46248	44435,56700,57751
46249	56984
46258	216,12834,22586
46287	45381
46293	47223,47433
46332	1291,1306
46334	4131
46345	40128,45319
46360	56905
4637	5685,6324
46377	55498,55199,59811,8142
46386	48277
464	3424,245,2622,3410
46427	16090
46428	17866
46429	56516
46434	1660,537
46438	56777
46439	41084
46443	16137,20016
46444	34315
4646	1784,2190
4648	3424,1964,2513,5573
46484	48322
4649	2885,5999,8583
4650	20180,3072
46502	57064
46531	54742
46532	36521,39424
4654	12608,1235,12792
46559	6889,9407
46575	10094
46599	12330
4661	10308
46617	49625,50293
46619	37141,54506
46620	39745
46623	32103
4663	1013
46634	50100
46672	35179
46676	52675
46695	2172,12608,1964,2603,2768
46706	20249
4678	2885,5999,7904,8632
46784	216,27815,476,59984
4679	3424,3460,10177
468	1784,1051
46901	37060
46914	1
46922	10375
46958	11944
46972	476,10011
46975	12630
46978	23479
46981	32103
46987	10922
4699	2305,2398
46991	37040,57666
46995	14989
46998	12338
47	2172,1235,1964,32894,34028,10015
470	1964,2172,2843
47020	39100
47030	37826
47032	17470
47037	1
47045	24160,11703
47066	57726
47092	44249
471	1283
4711	6889,8611
4713	10631,6375,8304
47134	17498
4714	18326
47152	47809
4716	2172,3460,34028,3457
47172	54254
47208	57868
47216	56327
47232	36521,37613
47246	10173
47264	12508
47267	50223
47281	40706
47282	40128,42039
47300	45684
47312	14501
47354	3424,1964,5590,5644
4736	10083,10070
47392	52875
474	2962,3021
47402	18438,42304
47453	24160,36828
47491	56240
47497	50555
475	12608,11499,12492,10061,12073,3424,15870,13807,14105,4319
47507	54742
47508	50371
47526	12015
47546	32029
4755	2885,5999,3983,6975
47560	37061
47573	12711,10153
4758	12446,9307
47585	10600
47594	12330
47601	12446,7665
47650	17075
47654	58143
47658	43299
47662	18098
4767	7731
47677	11450
47684	21088
47688	48121
4770	27766,59954
47704	12446,13610
4771	2885,5999,8274,10111
47712	32027
47728	26116
47745	476,58400
47774	2885,32853,33701
47779	36860
4778	13839
47792	52725
47800	57726
47801	476,47938
47809	56567
47816	54007,58579
47822	10564
47825	36521,38280
47833	29982
47837	158
47846	16250,47981
47848	3424,3460,45822
4785	12446,3238
47861	25280
47894	476,58405
479	2172,32894,45069,8864
47922	49689
47926	53646
47928	29894
47934	25183
47965	10107
47968	12338
47973	10015
47975	54966,58117
4798	25640
48	3396,1
48030	32029
48070	1784
4808	2326
48095	56567
48116	40474
48117	11417
48148	40128,45310
48156	58649
48176	38572
48178	18337
482	12446,10061,3424,12073,2172,1964,1235,16071,1525,1120
48202	39823
48266	476,55481,58507,58999
48300	35595
48301	49821
48315	58143
48317	58815
4832	12608,13803,1012
48327	11728
48355	1866
48358	58143
48359	38907
48369	18972
48382	58084
48392	30121
48399	12590
484	3424,5999,7593,7665
48400	24407,47723
48411	11715
48418	45978
4843	216,11097
48437	476,54972
4847	14559,11505
4848	1201
48485	57059
48505	58649
48514	17407,10093
4852	12456
48521	55498,41046
48525	14877
48555	11861
48557	22086,10554
48558	476,59048
48569	12608,1452,2028
48571	41217
48609	42927
48619	476,59093
4863	3813
48635	5879
4869	12446,8890
48705	34425
4873	8900
48739	23768,30112
48790	51460
48812	19780
48815	55666,59243,59307
48819	11937
48823	28481
48825	52898
48828	48188,48478
48840	25635
4887	1663
4888	8913
48904	36521,38250,38660
48911	15236
4892	2885,5999,3015,9007
48920	52628
4895	12608,13249,10440
48951	43434
4896	23519,8668
48974	2264
48990	33761
49	1964,1525,216,1452,2018,2065,1980,3424,245,3650
49005	40128,41180
49008	11091
4901	7846,8960
49025	10631,27415
4903	2437,2466
49031	28498,30369
49041	41375
49043	34842,22496
49053	10657
49090	36521,39499
49125	37205
49141	12446,8890
4917	7552,8057
49178	59652,25386
49188	20006
4922	2950
49223	10922
49232	32792
4925	9533,9760
49267	55598
49275	59659
49291	22025
493	2885,24407,59718
49300	55336
49307	55032
49308	38134
4931	5653
49330	2172,32894,537,7832
49333	3678
4934	12446,7079,8449,7934,9264,9421,9861
49340	59652,59838
49385	33087
49398	37344
494	1784,2239,6557
49406	36521,38250,38660
49448	52526
49454	216,34842,28296
49455	476,57412
49463	34994
49469	10691,22456
4949	5653
49498	2885,18008,44044
49514	43945
49518	52471
49521	59652,25386
49522	49542
49534	58143
49571	23519,24304
49572	3424,1964,2513,1053
49593	22579,11116
49598	37374
49604	476,54025
4962	3294,3091,337,32894,4474,654
49632	2172,32894,58938,6011
49643	3424,3460,3879
49650	27838
49667	12608
49690	33231
49698	40128,44440
4970	2962,10265
49713	49784
49730	47586,52400
49732	47943
49739	2172,32894,4474,51056
4974	7846,9072
49763	23657
49780	50484
49794	2172,32894,4474,6369
49827	45251
4986	10308
49871	42282
49877	46168
49883	28167
49909	3774,38925
49916	58143
4992	2885,38172,44051
4993	4681,596
49956	476,57070
49959	33801
49964	38002
49974	6981,7079
50	23768,11
50-3	50849
50006	46476
50007	40763
5001	12446,8142,9148,9157
50011	10022,10018
5002	12446,15548
5003	20957
50033	32972
50043	41217
50056	59652,59824
5006	12446,7947
50067	1227
501	3424,5999,8037,8498
5010	12446,9163
50104	12608,158,19417
50121	40128,41430
50122	32792
50128	11715
5013	27765,10093
5014	12608,1452,10440
50145	51351,10015
50147	53833
50150	60150
50191	12608,1235,1278
5024	12446,9161
50248	60518
50275	51222
50289	60767
50296	28498,32405
503	15670
50307	35564
50309	28498,30246
50321	3774,50942
50344	56866
50346	7646
50354	2885,5999,8238,8274
50366	26383
50381	1060
50397	6889,9407
504	1784,2289
50409	58765
50422	60686
50444	60765
50452	28380
50465	60696
50477	32818
50481	20122,60103
50482	43001
5050	12446,9161
5052	7512
50522	52231
50551	19337
50598	28629
506	1819,1878
50605	40128,45166
50611	41759
50636	30421
50645	47789
50648	56645
5065	25797
5066	12492,2885,12330,4319,8037,8568,9861
50661	10112
50666	56741
50678	52486
50684	58502
50686	20703
50730	58239
50763	1053
5077	236
50791	56796,61097
5081	12446,9161
50813	40106
50831	1784,3774,6889,7031
50843	12608,158,19417
50854	61058
5089	12490
50905	37931
5092	3774,5411,872
50944	2885,10115
5097	8142,9294
5099	18098
50998	57977
51	104
51021	1660,1048
5107	5685,6324
51077	10173
51098	51323
511	1291,9516
51137	1727,2122,10043
5114	12446,9679
51158	49801,51477
51168	22177
51176	40128,45594
51185	2172,32894,4474,61273
51223	53104
51227	1660,20907
5128	11473
5132	3424,2172,12608,6567,6166,6523,6677
5141	14910
5156	12608,2172,4738,601,9815
518	10152
5194	10499,1003
5197	10631,10564
52	2172,32894,537,7832
5202	941
5208	9410,9926
5209	9327
5212	1606,9639
5218	4538,1227
5220	10191
5230	11022
5233	6889,7079
5234	2172,32894,4474,933
5246	7512
5247	7034
5248	12446,9148
5253	2885,5999,8652,9505
5259	9439
526	5548,82,9550
5262	12446,6625
5275	17310
5286	12446,13599
5293	7846,9536,9545
5301	10631,12446,14929
531	1964,158,1759,1686,19418,2063,4853
5317	7463,9457
5323	10061
5326	10318
5327	12446,10147
5331	4538,3216
5342	28498,36521,40128,28110,24664,20190,37234,476,35484,36275
5343	10261
5359	3604,10226
5365	6889,7530
537	152
5382	2885,3930
5383	1042
5387	19368,29662
539	216,2917
5390	12608,2172,32894,2492,4474,53474,7846,984
5391	13182
5393	3424,6190,10177
5398	3424,5652,6567,7396
540	1024
5419	7846,20936
5425	5751,5768
5430	15467
5439	13146
5441	9616
5448	11499,9616
5449	23519,29982
5457	2885,5999,9092,9815
546	17836,10061
5470	3294,9432,9852
5475	24160,27484
5478	1660,33611
5479	33216
5480	5548,3774,872
5489	1229
55	3424,3460,1053
5501	12608,2885,12492,3424,20070,26142,4319,5999,9410,9867
5506	486,49897,5084,57402
551	17633,52024
5524	2172,26692,27359
5532	9857
5550	12446,3520
5551	24160,30022
5556	3294,216,8752,9852
5564	2885,15377,20670,3015,4540
5567	1114
5571	11375
5579	216,10998
5582	46316
5588	22436
5596	740
56	2172,12608,32894,7708,9267
560	1217,1071
5601	3424,3460,8901
5612	12446,9861
5626	10124,8903
563	10427,10524
5636	2172,32894,1217,4474,8490,9713,9945
5641	12446,17049,3125
5642	6889,9992
5657	10015
5661	12608,10124,3424,5999,6567,7571
5663	2172,32894,4996,53547
5693	12446,9161
5699	10083
57	2172,32894,28581,10015
5705	10124
5714	12446,1660,10011
5721	10631,11908,10022
5726	13109
5756	40693
5760	12608,1235,12741
5763	10061
5766	12608,1727,1600,20478
5768	9142
5770	1012
5774	13377
5776	3719
5778	38607
5779	12446,4543
5792	19763
5794	10229
5820	10223
5836	4361
5850	26481
5854	1
5860	5548,3774,10996
5863	6332
5886	10275
5892	32167,34427
5898	2172,28581,29620
5901	755,7064,7823
5908	12492,11908,5519,3963,7031,7068,9361
5922	3424,2172,3849,10093
5934	22264,14694
5936	216,112
594	12446,3424,12492,3072,3651,22571,3963,3650,4361,4287
5946	10217
5955	10123,18158,10011
5957	10414
596	40128,44489
5962	1660,49161
5963	13163
5964	3494
5975	10524
5976	10343
5979	5889
5988	10495
6	186,1915
6003	23421
6007	10170
6011	3424,3460,28961
6014	216,1217
6019	10082
602	1964,1759,1889,1971,1065,2018,10326,2782
6032	10082
6044	10082,10173
6052	1120,10061,1217,1235,12073,2172,13249,11618,1525,12834
6066	10629
6072	20712,28498,30136
6074	12883,10147
6082	6079
6089	3424,1964,2513,1065
609	10068
6093	3424,7530,8416
6096	10020
6101	1024
6112	10605
6115	3424,1964,35560,42388
6117	10143
6118	25927
6122	10726,10790
6124	1660,7530
6131	10600
6134	3424,1964,6567,697
6136	10600
614	2962,4972
6143	1156
6162	10069
6166	1620,1662,1663
6181	1964,2513,3052
6199	43198
62	3424,6190,8630
6201	1964,2513,29896
6204	2172,32894,158,4474,45069,6567,8248
621	15377,1217,1686,1730
6211	10929,10953
6213	3978
6217	18972,26998
6234	15094
6235	224
6237	37618
624	12608,1235,4853
6245	20416
6257	10631,10959
6274	4853
6279	11333
6283	2172,32894,4474,8765
629	35840
6291	10693
63	1080,1229,1730,1964,245,3151,662
6300	7846,10015
6301	10020
6302	10929,10061
6305	10201
6307	10603
631	2544,8384
6320	16272
633	7846,8616
6330	12446,3238
6351	11134
636	18176
6361	10631,12446,4491
6362	3091,10609,11900,12135
6365	2172,32894,28581,33712
6369	21698
6374	1759,9484
6377	10490
6382	12608,13249,14942,1524
6383	5548,3774,872
6384	12446,7246
639	12608,1217,2172,32894,1012,10133
6395	9264,9417
64	2885,216,5519,7647
6429	17778,23768,55726
6430	10600
6431	1069
6435	10093,14074
644	7484,89
6442	11248
6444	10998
6459	1727,15870,17421,16230,17731
646	12608,1452,10440
6464	1727,1291,1714,1783,17801,19161
6467	10440
6476	3091,10609,11900,3277,1727,15870,17421,1783,32718
6484	1113
6496	6225,6260
6498	5548,3774,872
65	1889,1784,1331,192,1962,2917,4943
6530	3813
6534	11116
6536	11349
6537	4039
6546	20463
655	10631,11694
6551	11158
6558	12608,1452,19418
656	7194,7299
6563	3424,1964,2513,3728
6585	10316
660	12350,3153,6378
6609	11071
661	10133,1730,3396,5796
6617	1714,1730,17583
6619	10093
6621	10600
6634	10822
6638	11499,1291,12924
664	1012,1114
6644	11345,11491
6646	23519,8304
6666	1120,1148
6670	11407
6674	10631,10723
669	12446,18713
6694	20712
6695	10082
67	25080,48972
6702	12608,3424,6896,8276
6705	10631,10953,2962,8116
6716	10294
6720	11052
6721	10631,11589
6728	9484
673	1283
6743	13513
6745	12446,7096
6764	11670
6771	28498,33798
6779	2172,32894,4474,6369
6786	10375
6788	42562
679	1727,1959
6792	1033
68	268,1102
680	1964,1340,1080
681	1784,23908
6815	216,24882,6940
6817	12210,6401,6849
6819	10017
6820	12303
6830	10811,12073,12446,12492,13521,13986,3424,4015,6401,710
6841	1662,1257
6851	10657
6859	10041
6878	3424,3460,10172
6887	3424,3460,4113
6892	3424,1964,2513,345
6899	3774,8709
69	12446,4058
6901	3424,1964,2513,5597
691	1291,19155
6916	3424,1964,2513,54841
692	51120
6924	20579
693	15356,2885,51488
6936	11498
6943	3153,3232
6944	12608,1452,19418
6950	11515,10173
6959	11485
6969	16698,51665
697	178
6976	10998
6984	12330,11944
6985	11692
7	12446,3424,6503,8357
7012	12608,2172,24249,24423
7013	20856,22077
7028	11799
7031	12210
7034	1714,1730,17583
7045	56345
7051	12608,1452,19418
7056	7752
706	3424,1964,2513,4090
7060	12446,33817
7061	2172,32894,34028,39889
7063	10061,10092
7071	11499,10235
708	10838,11072
7087	3424,45478,46269
7091	10135
7093	10996
7094	11237
7097	11499,10107
71	467,1035
7105	48885
7115	1660,806
7119	3277
7169	1784,1851
7175	21112
7176	3424,1964,2513,6243
7177	3424,1964,5017,10015
719	1058
7197	12446,12073,12492,12368,12630,17848,10003
7201	755,7064,7823
7207	11934,10015
7210	10753
7223	10164
7232	1159
7235	11276,2885,5999,12446,9505
7236	24160,25480,36874
7237	59474
724	1660,22339
7240	10015,10011
7243	12311
725	2544,11129
7263	10022
7264	1291,1051
7268	10124,15877,19000,37234,9363
727	12608,216,1120,21803,7707
7273	12446,6994
7288	15338,701
729	12608,2065,11376
7298	12204,12408,12395
7299	1784,245
7301	41176
7302	3424,2172,6567,7982
7305	10124
7306	10375
7313	1660,2242
7316	39826
7322	5889
7331	22417
7333	2885,24315,26280,31895
7349	12446,12204,12450
7351	18085
736	2172,32894,34028,343
7368	2850
7369	10166,6433
7373	12446,10106
7379	12962,32853,49865
738	1660,2889
739	2437,39583
7394	1331,1332
7407	11240
7410	10427,12456
7420	1235,11618,1255,11499,12492,22988
7422	11060
7425	22579,27803
7427	216,12834,22586
7428	1235,12330
7439	2885,5999,9261
744	11417
7447	33777
7449	11703,1020,11798
7450	1660,4996
747	12630
7473	3774,7037
7477	1784,6132
7478	12446,3651,3824
7479	12941
7490	12677
75	1784,55234
7502	10691
7516	8857
7521	1235,11618,1148,11499,11908,12578
7524	12446,3238
7551	40618
7554	6889,7530
7556	12446,14901
7557	914
7561	21398
7563	10631,12766,12802
7574	2885,27395,30427,32097,357
758	2070
7585	1020
7587	10828
7600	3424,1964,6567,6577
7607	35178
761	5854
7612	15287
7614	1317,13284
7618	16608
764	1784,2230
7650	13941
7652	1291,12916
7673	1727,1069
7677	10015
7681	3675
7686	12555
7690	47518
7696	12492
7705	12467
7708	25980,26307
7711	236,1971,25242
7713	12252
7714	8297
7730	10518
7746	10631,12993
775	542
7751	35493
7754	34558
7757	4876
7760	39138
7772	13011
7776	12608,12330,4929,52499
7782	1620,16055
7783	1784,3774,6889,7031
7788	10025
78	2468,10094
780	12446,3831,7246
7813	18053,4546
7815	14642
7819	12608,13249,18617
7822	23354
783	1784,11244
7831	12033
7832	3424,2172,6567,7982
7851	13179
7852	13532
7867	10403
787	216,1452,3916
7881	11707
7882	1080
7885	12608,1452,16331
789	3294,3091,337,32894,4474,654
7890	18765,1120,1975,21539
79	1660,10015
790	12446,6225,6260
7906	12834,1020
7908	9073
791	2462
792	12446,12492,2885,22571,390,5053,5884
793	2172,12608,1452,1235,2366,2462,32894,2472,3711,3844
7930	10631,11658
7931	10801
7933	10164
7935	1291,14231
7936	12608,1217,12492,1452,1714,1730,17583
794	10261
7941	2172,3424,34028,10093
7943	12446,2905
7951	44917,58755
7955	13263
7971	6981,7079
7973	10089
7974	22579,10996
7976	1102
798	2172,1727,32894,4738,48222
7981	26449
7989	10822
7991	3424,1964,2513,5490
7992	1333
80	216,40128,44293,47563,662
8001	2172,28581,1080
8004	2172,32894,4474,449
8007	29290,39017
8009	4039
8011	3424,4287,4315
8024	12446,4388
8031	4263
8037	12446,13441
8041	12608,2172,28296,32894,28110,30112,36521,40128,43429
8042	10294
8046	12446,4825
8048	12608,2172,32894,34028,3916
8053	3424,3460,4113
8059	10111
806	944,973
8079	3424,1964,2513,54841
8085	12016
809	1146
81	1540,5280,5359
810	18531
8105	17972
8110	11237
8119	16990
8124	19741
8126	39
8145	3424,1964,2513,54841
8146	13166
8179	13664
818	39691
8184	13086
8197	12608,11499,12492,14430,1784,16071,17801,20619,21449,26288
82	2172,32894,4474,449
820	1784,1136
8202	216,40128,44293,47563,4722
8208	10089
8211	10631,12805,10037
822	5685,6324
8230	12608,1235,12999
8239	13762
8240	10929,10953
8242	54956
8243	13762
8244	12608,11499,10811,4929,5999,7240,750
8247	3424,1964,2784,1065
8254	7090
8262	1784,3167
8263	1291,13796
828	22997
8282	12340
8284	3774,8709
8292	1058
8293	10115
8297	12608,1120,1012
8298	12446,1660,10022
8301	12608,13803,13827
8314	42496
8351	14169
836	2107,7678
8364	12834,21660
8370	16090,34498,34607,34782,34908,37234,38250
8374	12834,16336
8380	24531
8385	7194,7390,7384
8386	10185
8396	37230
8401	3424,1964,7390,7586
8402	26243,10124
8404	3424,4287,4315
842	10631,23372
8421	12446,9454
843	12208
8435	10755
8452	10025
8457	10566
8463	12834,12388
8465	476,51190
8466	10631,11694
8479	24646
8481	17534
8483	19780
8485	5652,5787
8493	2885,5999,7725,10025
85	11753
850	24407,27920
8504	1784,11345
8521	10554
8522	1714,1730,4494
8533	11919
8536	4878
8543	11742
8546	2264,6557
8561	1714,1730,17583
8569	10996
8575	12610,14179
8594	10996
86	216,12446,2885,2172,4319,5280,5512,6118,7006,7413
8605	3424,3460,8115
8611	2885,5103
8639	24164
8641	1620,16055
8647	14333,15338
8649	51426
865	2172,15507
8661	12608,1727,22579,34498,3774,440
868	23130
8682	17122
8691	1291,14430,40128,46077
8699	10159
8707	10326
8710	23519,8975
8716	14356
874	3424,2172,32894,3443,3457
8750	1727,11670
8767	12446,14297
877	236
8772	24160,9026
8785	7846,10017
8792	17470
88	11
8800	10600
881	2172,32894,7413,8025
8817	12916
8820	23288
8853	13448
8857	26333
8865	216,21785,25886
8885	18269,8076
889	2172,2603,2619
89	34067,70
8901	12608,1452,1949
8902	3079
8913	1727,15870,17421,1783,21785
8925	14678,14949
8927	12608,1452,10440
8937	13179
8945	4878
8947	10244
8966	12378
8971	14793
8981	10167
8983	12446,14771
8985	13496
8994	50199
9	12608,11499,1784,1727,2172,476,7037,8456
9000	1291,10554
9006	12608,2885,17653,18040,10092
9017	10111
903	22579,24894
9030	5652,5787
9045	10564
9049	14949
905	1964,245,24873
9052	12446,14421,216,18777,38149,47987,52709
9058	12446,10147
9060	24082
9068	5075,6319
9069	3424,4287,4315
9070	10790,14934
9078	12608,2172,13375,24464,24407,26692,5953,5950
9079	12608,1217,1452,14766
9086	15333
9091	12608,1727,3424,22247,24756,4738,3598,6896,8975
9094	10015
9096	12446,10061
91	2544,10020
9105	12446,10037
9106	11898
9108	34562,12630
912	2172,12608,3424,3043,10025,10037
9131	12033
916	3424,4287,10015
9160	11499,14430,12446,15701,1727,14950,15870,21336,21832,15825
9165	10244
9166	2885,39045,4313,4351
9172	12608,1235,1686,1756,1924,1959,2051,52184
9193	12446,8890
9194	4793
9195	14691
9199	14918
92	2172,32894,4474,449
9200	12446,12652
9208	4538,6889
921	2885,12608,32894,6454,8743,9294
9210	15333
9218	10445
922	15467
9222	11726
9231	12446,3831,39525
9246	682
9253	4852
9254	13086
9256	5830
9261	14519
927	2845
9276	15121
930	1907
9300	12446,13610
9310	2172,3424,32894,4738,48540
9313	2172,3424,32894,4738,48540
9315	15121
9319	8485
9321	2172,3424,32894,4738,48540
9325	1341
9333	16284,10172
9362	10631,10691
9369	1727,26363
9378	1
938	2468,5558
9383	216,40128,44293,47563,4722
9387	10135
9388	10135
939	2359
940	1486
9400	12975
9402	1156
9405	6889,7530
9438	18396
9447	12222
9465	12446,9171
9468	11499,11345
9474	11499,11345
9481	12608,1452,1080
9483	12446,4518
9489	14598,10068,15296
9498	12608,1452,14249,2051,29598
95	3424,3460,4295
9511	5519,6981,7088
9521	20913,21000
9529	25461
9534	12446,8890
9535	10018
9537	3424,8490,9384
9539	15388
954	1686,1695
9544	2172,32894,34028,4218
9546	9594
9547	12703
9551	12446,8890
9556	20070,19000,21112,28498,26288,26142,26340,26420,26404,26813
9563	12347
9573	1291,12924
958	1727,17828
9584	12492,3618,9298
9591	35402,36025
96	12446,4553
9612	45157
9622	11685
9628	12446,14824
9633	14797,14793
9638	10444
9648	12446,4738
965	12608,3091,10609,2172,1217,3043,1642,3277,2492,2560
9660	12446,10150
9677	8804,9353
9679	3424,6941,7240
9682	12446,15670
9693	10244
970	1784,10094
9739	1784,6132
9741	19487
9750	12446,15675
9757	6874,7641
9761	3424,1964,3624,36470
9771	8449
9776	23224,26647,30320
9779	28498,11361
9788	2172,2492,10440
979	3424,1784,2885,5512,6941,7037,9449
9792	22247,22188
98	2154,7026
9806	10631,15463
981	12446,12608,12492,12073,10691,11612,11908,12210,2172,1727
9841	15856
9845	6225,6260
9862	28498,28637
9863	12446,10037
9865	9545,9586
9867	14564
9870	12446,4825
9872	12446,3238
9897	8152
9906	14950
991	10011
9910	12446,3238
9911	1727,2354
9917	6464
992	2885,12492,2951,3831
9921	17715,181
993	1964,2513,3154
9930	10631,1727,17479
994	28498,29832
9946	1291,15974
9955	7846,8960
997	3424,1964,2513,3883
9972	16022
9993	12608,1452,51658
9996	11633
A_Responce	11520
Abbas	3813
Adil	1660,6047
Akshay	10471
Alisdair_W	12741
Aocate_Inc.	2408
Atmaram	3424,3460,6577
Austin	20180,3072
Balthasar_Neumann	3294
Biglig	3424,28815,3422
Bo_Nordlin	8765
Bob	12446,30332
Breeze555	2172,2366,1727,2472,24775
Brett_B	827
Brian	34067,70
Broam	12167
Butch_Laroo	2264
Caner	2172,12608,2366,24591
Carfield_Yim	476,555
CarlosRodrigues	3424,1964,3883,4117
Chadit	2885,5999,7240,750
Christian	486,558,5612,7006
Claire_Swinson	10523
ClashTheBunny	50404
Cocoabean	14968
CodeSavvyGeek	216,40128,44293,47563,701
Cor	3604
CrayFishUK	216,40128,44293,47563,609
Cristian_Tala	1841
Crystal	12608,1452,16429
DKUVA	12446,4518
Dan_Herbert	12608,2172,32894,4738,48222
Daryl_Spitzer	15439
Dave	13617
Dave_Webb	2962,7593
David_Reis	476,723
Dean	3153,3232
Dex	2172,12608,2366,24591
Don	955,9664
Donn_Felker	27765,1029
Eric	3424,1964,5006,5039
Erica_Haugen	2172,28581,29760
Erik_Neu	2172,12608,4738,558,743
Fira	2661
Fred	12608,1452,14962
Fredrik_Leijon	6852,6853
GalacticCowboy	17685,44977
Gaurav	33371
Geobits	12834,12572
George_Edison	6851,710
GiztechIN	1414
HalfBrian	12408
Henrique_Herbert	178
Heval	2850
HoeYaw	12446,3238
IanO.S.	38263
JackTheMan18	20579
Jade	4157
James	3813
Janusz	50448,61451
Jared_Tritsch	2172,28581,1080
Jeff	2172,12608,1964,2513,2533
Jessie	931
Joe_Shaw	1035
John	2172,32894,4996,53547
Jon	1660,6529
Jon_Cho	2172,12608,2366,24591
Jonathan	2952
Juri	1013
Kevin_Reid	3396,10020
Kingamajick	486
LG_User	2172,32894,34028,3619
Liz	1784
Ljubomir_Ljubojevic	12446,3072,3609
MMM	14434
Mariano	15562
Mark	1727,1959
Mark_Hatton	3424,2513,571
Mark_Porter	216,40128,44293,47563,718
Martin_Clarke	2906
Matt_Cofer	16829
Matt_Jenkins	6896,10188
Max_Grsbeck	10248,49306
Maxwell_Troy_Milton_King	11352
Mehper_C._Palavuzlar	23519,6871
Mike	104
Miky_Rivers	39
MisterPhilip	4997
Moto	178
Mufasa	2172,32894,486,5565
Nate_Bross	23519,45069
Nathan	1624
Nick_Anderegg	3774,1051
Nick_Meyer	17685,60573
Nifle	10691
OBN	216,1051
Oscar_Hernndez	12446,10022
Pawka	737
Pretzel	716
RevBingo	2885,5999,7240,750
Rhapsody	2172,32894,6095,61016
Rich_Seller	2172,12608,32894,216,486,571,6889,7774
Rie	27064
Robbin	1136
Rodrigo	1784,1964
Ron	3424,1964,3460,3590
Ronald_Pottol	2172,3460,4738,5995
SagarU	4247
Samuh	11438
Scott_A._Lawrence	2107,7678
Scur	20579
Shrinivas	547
Sijmen_Schoon	24160,25587
Stefan	2305,4789
Stefano	3322
Summerfield	12608,1452,16429
Sweetperceptions	2885,5999,7240,750
T0X1C	6845
Terence	1005
Thang	4319,3963,4315
Thomas	6889,7079
Thushan_Fernando	3197
Tom_Wright	955,9664
TravisPUK	3294,3091,337,486,558,780
Troggy	12491
Valelik	1784,832
Vicente_Plata	2885,5999,8628
Viktor_Nova_	1727,2557
Webs	216,6889,1660,7823,927,9342,9509,962,9664
Wolfgang	1727,4662
XyZZy	45229
ZaB	21914
Zach	4532
Zambonilli	32
aaron	517
acconrad	2885,5018
adopilot	876
ads	12446,1660,3043
akendrick451	2107,1471
asalamon74	2107,1217
augusto_toms	2172,12608,2366,24591
billc.cn	10166,17950
bratao	6967
bulamonto	12446,3818
cdonner	10316
cla	43070
crosstalk	935,941
dan	22795
dave	12608,1120,11071
davidgo	50849
dev1	41494
eddy	32
eleven81	12491
eric_smith	4117
esm	1660,6529
faiz	5402
fubaya	1291,1065
gbarry	3294,3091,337,32894,7391,763
goldsz	216,40128,44608,47563,571
grokus	3396,7006
gyurisc	24407,58530
hemisphire	23764,45572
hyperperforator	1331
jkhouw1	10147
joyjit	2172,3424,32894,701,806
jpieples	1964,1759,1971
jpsc	2172,32894,4996,53547
jtm	56043
kkaploon	597
kuester2000	1854
lolo	2172,32894,4474,448
malus	216,112
melly	13839
noname	1907
palehorse	7655,7647
phan	12608,1120,1452,1641
piquadrat	6889,9078
pjc50	17292
r00fus	1020
remy	1468
rjmunro	726
rmontagud	2172,3424,3916,5155,597
roth377	13163
sebastiaan	3424,1964,519,1080
serem	2172,3424,34028,10061
shimonyk	24407,58530
smartme	12608,1600,1543,1708,10094
snautz	24160,1020
stackexchangereader	216,1452,3135
starwed	1727,127
tektor	216,40128,44293,47563,4722
th3dude	2172,12608,32894,1756,4738,605,6118,6889,7774
tkris	12608,1235,10440
tnorthcutt	2172,3424,32894,4738,48540
tomdaly	12608,1235,13249,1012
user1032	1007
user1213880	23110
user13554	15633
user14017	6225,8254
user1477	3424,2172,32894,3443,3457
user2245	1727,2557
user236054	486
user2388	3774,8709
user24281	13429
user2445	47586
user24480	1110
user2489	1660,3072
user2540	2172,32894,4474,45704
user2554	3424,1964,3624,36470
user2571	4319,5816
user26697	25349
user2694	20180,3072
user2699	2137
user2719	4256,4248
user2722	11429
user2744	44037
user2747	1412
user2755	36
user2765	3424,1964,2513,3883
user2796	18972,5025
user2870	15146,2878,17760,28815
user2875	12446,3238
user2905	5652,5787
user2912	12394
user2920	12608,1452,1012
user29423	37222
user2945	5280
user2991	21853
user30094	6225
user3060	1660,33611
user3087	1964,1889,1970
user3111	10483
user3227	10061
user3236	1468
user3272	6464
user3345	1727,2354
user3356	3424,4632,6634
user3361	1784,10020
user3373	10598
user3425	12446,2905
user3450	11022
user3494	1007
user3498	2791
user3501	16197
user3518	3424,1964,2513,54841
user3521	1660,4997
user3538	591
user3547	12446,7126
user3586	7194,7187
user3594	55234
user3622	3424,1964,5073,5218
user3626	14694
user3634	1110
user3645	7194,7390,7384
user38304	43310
user3932	7558
user39898	41594
user4002	7545
user4103	12608,1235,2065,2018,1964,2168,1543,21682,20104
user4140	6526
user4147	3424,1964,2513,6062
user4154	6981,7079
user4212	2172,32894,4474,5732
user4341	1070
user4366	3424,1964,2513,5284
user4411	7512
user4432	2172,32894,4474,8198
user4440	12446,4194
user4477	1660,3906
user4521	10609
user4527	36
user4536	2172,12608,28581,3091
user4583	1201
user674199	12330
user736850	1931
user750	1660,3144,6779,571
user8831	2694
wbogacz	2408
zybernav	2172,32894,4474,5683
